"AG_ARGOSCTG",0,0,0,0,0,0,0,0,0,0,0,0,0,0,0,0,0,0,0,0,0,0,0,0
"AG_ARGOSSOG",1,1,1,1,1,1,1,1,1,1,1,1,1,1,1,1,1,1,1,1,1,1,1,1
"AG_ARGOSYUM",0,0,0,0,0,0,0,0,0,0,0,0,0,0,0,0,0,0,0,0,0,0,0,0
"AG_AYURA",10,10,10,10,10,10,10,10,10,10,10,10,10,10,10,10,10,10,10,10,10,10,10,10
"AG_BUGAGRAS",0,0,0,0,0,0,0,0,0,1,1,2,2,2,0,0,0,0,0,0,0,0,0,0
"AG_BUGASOLL",0,0,0,0,0,0,0,0,0,0,0,0,0,0,0,0,0,0,0,0,0,0,0,0
"AG_CARMELITA",1,1,1,1,1,1,1,1,1,1,1,1,1,1,1,1,1,1,1,1,1,1,1,1
"AG_COCACOLA",0,0,0,0,0,0,0,0,0,0,0,0,0,0,0,0,0,0,0,0,0,0,0,0
"AG_COSTAYAC",1,1,1,1,1,1,1,1,1,1,1,1,1,1,1,1,1,1,1,1,1,1,1,1
"AG_ECHORMIG",0,0,0,0,0,0,0,0,0,0,0,0,0,0,0,0,0,0,0,0,0,0,0,0
"AG_ELCAIRO",5,5,5,5,5,5,5,5,5,5,5,5,5,5,5,5,5,5,5,5,5,5,5,5
"AG_GRANCOL",0,0,0,0,0,0,0,0,0,0,0,0,0,0,0,0,0,0,0,0,0,0,0,0
"AG_INGMLUISA",0,0,0,0,0,0,0,0,0,0,0,0,0,0,0,0,0,0,0,0,0,0,0,0
"AG_ORITO",1,1,1,1,1,1,1,1,1,1,1,1,1,1,1,1,1,1,1,1,1,1,1,1
"AG_PAL3ZF",0,0,0,0,0,0,0,0,0,0,0,0,0,0,0,0,0,0,0,0,0,0,0,0
"AG_PCORDII",0,0,0,0,0,0,0,2,6,9,9,9,9,9,9,8,6,1,0,0,0,0,0,0
"AG_PTARBELLO",0,0,0,1,1,1,1,0,0,0,0,0,0,0,0,0,0,0,0,0,0,0,0,0
"AG_REFICAR",8,8,8,8,8,8,8,8,8,8,8,8,8,8,8,8,8,8,8,8,8,8,8,8
"AG_TERTAME",0,0,0,0,0,0,0,0,0,0,0,0,0,0,0,0,0,0,0,0,0,0,0,0
"AG_TURGAS",4,4,4,4,4,4,4,4,4,4,4,4,4,4,4,4,4,4,4,4,4,4,4,4
"AG_YAGUARI",0,0,0,0,0,0,0,0,0,0,0,0,0,0,0,0,0,0,0,0,0,0,0,0
"ALBAN",7,7,7,7,7,7,7,7,7,7,7,7,7,7,7,7,7,7,159,215,42,7,7,7
"ALTOTULUA",0,0,0,0,0,0,0,0,0,0,0,0,0,0,0,0,0,0,0,0,0,0,0,0
"AMOYA",17,17,17,17,17,17,17,17,17,17,17,17,17,17,17,17,17,17,17,17,17,17,17,17
"AR_CIJEANS",0,0,0,0,0,0,0,0,0,0,1,1,0,0,0,0,0,0,0,0,0,0,0,0
"AR_COLOMCAU",0,0,0,0,0,0,0,0,0,0,0,0,0,0,0,0,0,0,0,0,0,0,0,0
"AR_HARINAS",0,0,0,0,0,0,0,0,0,1,1,1,1,1,1,0,0,0,0,0,0,0,0,0
"AR_LEVAPAN",0,0,0,0,0,0,0,0,0,1,2,3,2,3,2,0,0,0,0,0,0,0,0,0
"AR_PINTUCO",0,0,0,0,0,0,0,0,0,0,0,0,0,0,0,0,0,0,0,0,0,0,0,0
"BAJOTULUA",2,2,2,2,2,2,2,2,2,2,2,2,2,2,2,2,2,2,2,2,2,2,2,2
"BARRANQ3",33,33,33,33,33,33,33,33,33,33,33,33,33,9,0,0,0,0,0,0,0,0,0,0
"BARRANQ4",0,0,0,0,0,0,0,0,0,0,0,0,0,0,0,0,0,0,0,0,0,0,0,0
"BETANIA",320,320,160,160,160,160,160,160,160,160,160,160,160,160,160,160,160,160,160,160,160,160,160,160
"CALIMA1",0,0,0,0,0,0,0,0,0,0,0,0,0,0,0,0,0,0,0,0,0,18,0,0
"CHIVOR",823,887,887,887,852,852,529,542,875,875,875,875,875,875,875,875,875,1000,603,700,700,1000,859,589
"CMANUELITA2",7,6,4,6,3,4,7,6,5,2,0,2,7,5,5,4,5,6,6,6,7,8,7,7
"CMAYAGUEZ",12,13,14,11,14,13,16,15,11,11,12,15,13,14,14,13,14,13,13,14,12,16,13,14
"COBIOENERGY",15,15,15,15,15,15,15,15,15,15,15,15,15,15,15,15,15,15,15,15,15,15,15,15
"COINCAUCA",38,38,38,38,38,38,38,38,38,38,38,38,38,38,38,38,38,38,38,38,38,38,38,38
"CORISARAL",15,15,15,15,15,15,15,15,15,15,15,15,15,15,15,15,15,15,15,15,15,15,15,15
"CPROENCA2",17,17,17,17,17,17,17,17,17,17,17,17,17,17,17,17,17,17,17,17,17,17,17,17
"CPROVIDEN",13,13,13,13,13,13,13,13,13,13,13,13,13,13,13,13,13,13,13,13,13,13,13,13
"CRIOPAILA",16,16,16,16,16,16,16,16,16,16,16,16,16,16,16,16,16,16,16,16,16,16,16,16
"CSANCARLOS",1,1,2,1,1,1,0,1,1,1,0,0,0,0,1,1,0,0,0,0,0,1,1,0
"CTGEMG1",0,0,0,0,0,0,0,0,0,0,0,0,0,0,0,0,0,0,0,0,0,0,0,0
"CTGEMG2",0,0,0,0,0,0,0,0,0,0,0,0,0,0,0,0,0,0,0,0,0,0,0,0
"CTGEMG3",0,0,0,0,0,0,0,0,0,0,0,0,0,0,0,0,0,0,0,0,0,0,0,0
"CUCUANA",8,8,8,8,8,8,8,8,8,8,8,8,8,8,8,8,8,8,8,8,8,8,8,8
"C_CASTILLA",3,3,3,3,3,3,3,3,3,3,3,3,3,3,3,3,3,3,3,3,3,3,3,3
"C_LLERAS",55,55,55,55,41,41,41,41,41,41,55,55,55,55,55,55,55,55,55,55,55,55,55,55
"DARIOVS",0,0,0,0,0,0,0,0,0,0,0,0,0,0,0,0,0,0,0,0,0,0,0,0
"DORADA1",0,0,0,0,0,0,0,0,0,0,0,0,0,0,0,0,0,0,0,0,0,0,0,0
"ECUADOR11",0,0,0,0,0,0,0,0,0,0,0,0,0,0,0,0,0,0,0,0,0,0,0,0
"ECUADOR12",0,0,0,0,0,0,0,0,0,0,0,0,0,0,0,0,0,0,0,0,0,0,0,0
"ECUADOR13",0,0,0,0,0,0,0,0,0,0,0,0,0,0,0,0,0,0,0,0,0,0,0,0
"ECUADOR14",0,0,0,0,0,0,0,0,0,0,0,0,0,0,0,0,0,0,0,0,0,0,0,0
"ECUADOR21",0,0,0,0,0,0,0,0,0,0,0,0,0,0,0,0,0,0,0,0,0,0,0,0
"ECUADOR210",0,0,0,0,0,0,0,0,0,0,0,0,0,0,0,0,0,0,0,0,0,0,0,0
"ECUADOR22",0,0,0,0,0,0,0,0,0,0,0,0,0,0,0,0,0,0,0,0,0,0,0,0
"ECUADOR23",0,0,0,0,0,0,0,0,0,0,0,0,0,0,0,0,0,0,0,0,0,0,0,0
"ECUADOR24",0,0,0,0,0,0,0,0,0,0,0,0,0,0,0,0,0,0,0,0,0,0,0,0
"ECUADOR25",0,0,0,0,0,0,0,0,0,0,0,0,0,0,0,0,0,0,0,0,0,0,0,0
"ECUADOR26",0,0,0,0,0,0,0,0,0,0,0,0,0,0,0,0,0,0,0,0,0,0,0,0
"ECUADOR27",0,0,0,0,0,0,0,0,0,0,0,0,0,0,0,0,0,0,0,0,0,0,0,0
"ECUADOR28",0,0,0,0,0,0,0,0,0,0,0,0,0,0,0,0,0,0,0,0,0,0,0,0
"ECUADOR29",0,0,0,0,0,0,0,0,0,0,0,0,0,0,0,0,0,0,0,0,0,0,0,0
"ELQUIMBO",330,330,330,330,330,330,330,330,330,330,330,330,330,330,330,330,330,330,330,330,330,330,330,330
"ESCUELAMINAS",8,8,8,8,8,8,8,8,8,8,8,0,0,0,0,0,0,0,0,0,8,8,8,8
"ESMERALDA",13,13,13,13,13,13,13,13,13,13,13,13,13,13,13,13,13,13,13,13,13,13,13,13
"FLORES IV",445,445,445,445,445,445,445,445,445,445,445,445,445,445,445,445,445,445,445,445,445,445,445,445
"FLORES1",160,160,160,160,160,160,160,160,160,160,160,160,160,160,160,160,160,160,160,160,160,160,160,160
"FLORIDA2",0,0,0,0,0,0,0,0,6,6,6,6,6,6,6,6,18,18,18,18,18,0,0,0
"GD_COMSALV1",0,0,0,0,0,0,0,0,0,0,0,0,0,0,0,0,0,0,0,0,0,0,0,0
"GD_COMSALV2",0,0,0,0,0,0,0,0,0,0,0,0,0,0,0,0,0,0,0,0,0,0,0,0
"GD_SANPEDRO",0,0,0,0,0,0,0,0,0,0,0,0,0,0,0,0,0,0,0,0,0,0,0,0
"GECELCA3",0,0,0,0,0,0,0,0,0,0,0,0,0,0,0,0,0,0,0,0,0,0,0,0
"GECELCA32",0,0,0,0,0,0,0,0,0,0,0,0,0,0,0,0,0,0,0,0,0,0,0,0
"GUAJIR11",145,145,145,145,145,145,145,145,145,145,145,145,145,145,145,145,145,145,145,145,145,145,145,145
"GUAJIR21",140,140,140,140,140,140,140,140,140,140,140,140,140,140,140,140,140,140,140,140,140,140,140,140
"GUATAPE",525,525,525,525,560,560,560,560,560,560,560,560,560,560,560,560,560,560,560,560,560,560,560,560
"GUATRON",0,0,0,0,0,0,0,0,0,0,0,0,0,0,0,90,205,0,512,512,512,0,0,0
"GUAVIO",848,492,482,371,502,716,0,0,0,248,429,558,574,696,869,952,952,810,952,952,952,952,385,0
"INSULA",7,7,7,7,7,7,7,7,7,7,7,7,7,7,7,7,7,7,7,7,7,7,7,7
"ITUANGO",570,570,570,570,570,570,570,570,570,570,570,570,570,570,570,570,570,570,570,570,570,570,570,570
"JAGUAS",0,0,0,0,0,0,0,0,0,0,0,0,0,0,0,0,0,0,0,0,0,0,0,0
"LAFRISOLERA",0,0,0,0,0,0,0,0,0,0,0,0,0,0,0,0,0,0,0,0,0,0,0,0
"LAHERRADURA",8,8,8,8,8,8,8,8,8,8,8,8,8,8,8,8,8,8,8,8,8,8,8,8
"LATASAJERA",204,204,204,204,204,204,306,306,306,306,306,306,306,306,306,306,306,306,306,306,306,306,306,306
"MABEJORRAL",0,0,0,0,0,0,0,0,0,0,0,0,0,0,0,0,0,0,0,1,1,1,1,1
"MAGUAFRE",4,4,4,4,4,4,4,4,4,4,4,4,4,4,4,4,4,4,4,4,4,4,4,4
"MBARROSO1",6,6,6,6,6,6,6,6,6,6,6,6,6,6,6,6,6,6,6,6,6,6,6,6
"MBAYONA",1,1,1,1,1,1,1,1,1,1,1,1,1,1,1,1,1,1,1,1,1,1,1,1
"MBELLO",0,0,0,0,0,0,0,0,0,0,0,0,0,0,0,0,0,0,0,0,0,0,0,0
"MBELMONTE",2,2,2,2,2,2,2,2,2,2,2,2,2,2,2,2,2,2,2,2,2,2,2,2
"MB_TEQUENDA",0,0,0,0,0,0,0,0,0,0,0,0,0,0,0,0,0,0,0,0,0,0,0,0
"MCALDERAS",4,4,4,4,4,4,4,4,4,4,4,8,8,4,4,4,4,4,10,10,10,4,4,4
"MCAMPEST_EPM",0,0,0,0,0,0,0,0,0,0,0,0,0,0,0,0,0,0,0,0,0,0,0,0
"MCAMP_CALARC",1,1,1,1,1,1,1,1,1,1,1,1,1,1,1,1,1,1,1,1,1,1,1,1
"MCANTAYUS",2,2,2,2,2,2,2,2,2,2,2,1,2,2,2,2,2,2,2,2,2,2,2,2
"MCARACOLI",4,4,4,4,4,4,4,4,4,4,4,4,4,4,4,4,4,4,4,4,4,4,4,4
"MCARUQUIA",4,4,4,4,4,4,4,4,4,4,4,4,4,4,4,4,4,4,4,4,4,4,4,4
"MCASCADA1",1,1,1,1,1,1,1,1,1,1,1,1,1,1,1,1,1,1,1,1,1,1,1,1
"MCASCADA_EPM",1,1,1,1,1,1,1,1,1,1,1,1,1,1,1,1,1,1,1,1,1,1,1,1
"MCASCADGRD",1,1,1,1,1,1,1,1,1,1,1,1,1,1,1,1,1,1,1,1,1,1,1,1
"MCAUYA",0,0,0,0,0,0,0,0,0,0,0,0,0,0,0,0,0,0,0,0,0,0,0,0
"MCEMENTNARE",7,7,7,7,7,7,5,5,5,5,5,5,5,5,5,5,5,5,5,5,5,5,7,7
"MCHARQUITO",0,0,0,0,0,0,0,0,0,0,0,0,0,0,0,0,0,0,0,0,0,0,0,0
"MCOCONUCO",3,3,3,3,3,3,3,3,3,3,3,3,3,3,2,2,2,2,3,3,3,3,3,3
"MCOCUYO",0,0,0,0,0,0,0,0,0,0,0,0,0,0,0,0,0,0,0,0,0,0,0,0
"MCOELLO",1,1,1,1,1,1,1,1,1,1,1,1,1,1,1,1,1,1,1,1,1,1,1,1
"MCURRUCU",0,0,0,0,0,0,0,0,0,0,0,0,0,0,0,0,0,0,0,0,0,0,0,0
"MDONAJUANA",0,0,0,0,0,0,0,0,0,0,0,0,0,0,0,0,0,0,0,0,0,0,0,0
"MELBOSQUE",2,2,2,2,2,2,2,2,2,2,2,2,2,2,2,2,2,2,2,2,2,2,2,2
"MELPOPAL",4,4,4,4,4,4,4,4,4,4,4,4,4,4,4,4,4,8,8,8,8,8,8,8
"MERILEC1",0,0,0,0,0,0,0,40,90,90,90,90,90,90,90,90,90,90,90,90,90,90,90,90
"MGUACAICA",0,0,0,0,0,0,0,0,0,0,0,0,0,0,0,0,0,0,0,0,0,0,0,0
"MGUANAQUITA",4,4,4,4,4,4,4,4,4,4,4,4,4,4,4,4,4,4,4,4,4,4,4,4
"MGUAVIO",5,5,5,5,5,5,5,5,5,5,5,5,5,5,5,5,5,5,5,5,5,5,5,5
"MHBARRANCAS",3,3,3,3,3,3,3,3,3,3,3,3,3,3,3,3,3,3,3,3,3,3,3,3
"MIEL1",32,32,32,32,32,32,32,32,32,32,32,32,32,32,32,32,32,32,32,32,32,32,32,32
"MJEPIRAC",0,0,0,0,0,0,0,0,0,0,0,0,0,0,0,0,0,0,0,0,0,0,0,0
"MJUANGAR",1,1,1,1,1,1,1,1,1,1,1,1,1,1,1,1,1,1,1,1,1,1,1,1
"MJULIOBRAVO",0,0,0,0,0,0,0,0,0,0,0,0,0,0,0,0,0,0,0,0,0,0,0,0
"MLACHORRERA",4,4,4,4,4,4,4,4,4,4,4,4,4,4,4,4,4,4,4,4,4,4,4,4
"MLAGUNETA",0,0,0,0,0,0,0,0,0,0,0,0,0,0,0,0,0,0,0,0,0,0,0,0
"MLANAVETA",3,3,3,3,3,3,3,3,3,3,3,3,3,3,3,3,3,3,3,3,3,3,3,3
"MLAPITA",1,1,1,1,1,1,1,1,1,1,1,1,1,1,1,1,1,1,1,1,1,1,1,1
"MLAREBUSCA",1,1,1,1,1,1,1,1,1,1,1,1,1,1,1,1,1,1,1,1,1,1,1,1
"MLASPALMAS",1,1,1,1,1,1,1,1,1,1,1,1,1,1,1,1,1,1,1,1,1,1,1,1
"MLAVUELTA",3,3,3,3,3,3,3,3,3,3,3,3,3,3,3,3,3,3,3,3,3,3,3,3
"MLIBERTAD",0,0,0,0,0,0,0,0,0,0,0,0,0,0,0,0,0,0,0,0,0,0,0,0
"MLIMONAR",0,0,0,0,0,0,0,0,0,0,0,0,0,0,0,0,0,0,0,0,0,0,0,0
"MLUZMA1",8,8,8,8,8,8,8,8,8,8,8,8,8,8,8,8,8,8,8,8,8,8,8,8
"MLUZMA2",8,8,8,8,8,8,8,8,8,8,8,8,8,8,8,8,8,8,8,8,8,8,8,8
"MMAGALLO",1,1,1,1,1,1,1,1,1,1,1,1,1,1,1,1,1,1,1,1,1,1,1,1
"MMONTAÑITAS",8,8,8,8,8,8,8,8,8,8,8,8,8,8,8,8,8,8,8,8,8,8,8,8
"MMULATOSII",1,1,1,1,1,1,1,1,1,1,1,1,1,1,1,1,1,1,1,1,1,1,1,1
"MNIMA",1,1,1,1,1,1,1,1,1,1,1,1,1,1,1,1,1,1,1,1,1,1,1,1
"MNIQUIA",15,15,15,15,15,15,15,15,15,15,15,15,15,15,15,15,15,15,15,15,15,15,15,15
"MNLIBARE",1,1,1,1,1,1,1,1,1,1,1,1,1,1,1,1,1,1,1,1,1,1,1,1
"MNUTIBARA",0,0,0,0,0,0,0,0,0,0,0,0,0,0,0,0,0,0,0,0,0,0,0,0
"MPAJARITO",2,2,2,2,2,2,2,2,2,2,2,2,2,2,2,2,2,2,2,2,2,2,2,2
"MPALMAS_SGIL",4,4,4,4,4,4,4,4,4,4,4,4,4,4,4,4,4,4,4,4,4,4,4,4
"MPASTALES",0,0,0,0,0,0,0,0,0,0,0,0,0,0,0,0,0,0,0,0,0,0,0,0
"MPATICOLACAB",0,0,0,0,0,0,0,0,0,0,0,0,0,0,0,0,0,0,0,0,0,0,0,0
"MPOCUNE",1,1,1,1,1,1,1,1,1,1,1,1,1,1,1,1,1,1,1,1,1,1,1,1
"MPORCEIII",2,2,2,2,2,2,2,2,2,2,2,2,2,2,2,2,2,2,2,2,2,2,2,2
"MPRADO4",5,5,5,5,5,5,5,5,5,3,3,3,5,5,5,5,5,5,5,5,5,5,5,5
"MPROENCA2",10,10,10,10,10,10,10,10,10,10,10,10,10,10,10,10,10,10,10,10,10,10,10,10
"MPROVIDEN",0,0,0,0,0,0,0,0,0,0,0,0,0,0,0,0,0,0,0,0,0,0,0,0
"MPTE_GUILL",1,1,1,1,1,1,1,1,1,1,1,1,1,1,1,1,1,1,1,1,1,1,1,1
"MREMEDIOS",1,1,1,1,1,1,1,1,1,1,1,1,1,1,1,1,1,1,1,1,1,1,1,1
"MRFRIOTAMES",1,1,1,1,1,1,1,1,1,1,1,1,1,1,1,1,1,1,1,1,1,1,1,1
"MRIOBOBO",2,2,2,2,2,2,2,2,2,2,2,2,2,2,2,2,2,2,2,2,2,2,2,2
"MRIOFRIO1",1,1,1,1,1,1,1,1,1,1,1,1,1,1,1,1,1,0,0,0,0,1,1,1
"MRIOGRANDE",0,0,0,0,0,0,0,0,0,0,0,0,0,0,0,0,0,0,0,0,0,0,0,0
"MRIOGRANDE1",0,0,0,0,0,0,0,0,0,0,0,0,0,0,0,0,0,0,0,0,0,0,0,0
"MRIOMAYO",0,0,0,0,0,0,0,6,19,20,20,18,0,0,0,0,0,18,20,20,19,6,0,0
"MRIONEGRO",7,7,7,7,7,7,7,7,7,7,7,7,7,7,7,7,7,7,7,7,7,7,7,7
"MRIOPALO",1,1,1,1,1,1,1,1,1,1,1,1,1,1,1,1,1,1,1,1,1,1,1,1
"MRIORECIO",1,1,1,1,1,1,1,1,1,1,1,1,1,1,1,1,1,1,1,1,1,1,1,1
"MRIOSAPUYES",1,1,1,1,1,1,1,1,1,1,1,1,1,1,1,1,1,1,1,1,1,1,1,1
"MRIO_CALI",0,0,0,0,0,0,0,0,0,0,0,0,0,0,0,0,0,0,0,0,0,0,0,0
"MRUMOR",1,1,1,1,1,1,1,1,1,1,1,1,1,1,1,1,1,1,1,1,1,1,1,1
"MSAJANDI",3,3,3,3,3,3,3,3,3,3,3,3,3,3,3,3,3,3,3,3,3,3,3,3
"MSANCANCIO",1,1,1,1,1,1,1,1,1,1,1,1,1,1,1,1,1,1,1,1,1,1,1,1
"MSANFRANCISC",0,0,0,0,0,0,0,0,0,0,0,0,0,0,0,0,0,0,0,0,0,0,0,0
"MSANJOSE",0,0,0,0,0,0,0,0,0,0,0,0,0,0,0,0,0,0,0,0,0,0,0,0
"MSANTANA",4,4,4,4,4,4,4,4,4,4,4,4,4,4,4,4,4,4,4,4,4,4,4,4
"MSANTARITA",0,0,0,0,0,0,0,0,0,0,0,0,0,0,0,0,0,0,0,0,0,0,0,0
"MSANTIAGO",1,1,1,1,1,1,1,1,1,1,1,1,1,1,1,1,1,1,1,1,1,1,1,1
"MSBARTOLOME",0,0,5,5,5,3,0,0,0,0,0,0,3,5,5,4,0,0,0,0,0,0,3,5
"MSILVIA",0,0,0,0,0,0,0,0,0,0,0,0,0,0,0,0,0,0,0,0,0,0,0,0
"MSNANDRESC",4,4,6,6,8,8,4,6,6,6,8,8,4,4,6,6,8,8,4,4,6,6,8,4
"MSNJOSE_MN2",0,0,0,0,0,0,0,0,0,0,0,0,0,0,0,0,0,0,0,0,0,0,0,0
"MSNJOSE_MONT",0,0,0,0,0,0,0,0,0,0,0,0,0,0,0,0,0,0,0,0,0,0,0,0
"MSNMATIAS",12,12,12,12,12,12,12,12,12,12,12,12,12,12,12,12,12,12,12,12,12,12,12,12
"MSONSON",0,0,0,0,0,0,0,0,0,0,0,0,0,0,0,0,0,0,0,0,0,0,0,0
"MSUBA1",2,2,2,2,2,2,2,2,2,2,2,2,2,2,2,2,2,2,2,2,2,2,2,2
"MSUEVA",2,2,2,2,2,2,2,2,2,2,2,2,2,2,2,2,2,2,2,2,2,2,2,6
"MTBOLIVAR",2,2,2,2,2,2,2,2,2,2,2,2,2,2,2,2,2,2,2,2,2,2,2,2
"MTCAPACHOS",0,0,0,0,0,0,0,0,0,0,0,0,0,0,0,0,0,0,0,0,0,0,0,0
"MTEQUEND1",0,0,0,0,0,0,0,0,0,0,0,0,0,0,0,0,0,0,0,0,0,0,0,0
"MTEQUEND2",0,0,0,0,0,0,0,0,0,0,0,0,0,0,0,0,0,0,0,0,0,0,0,0
"MTEQUEND3",0,0,0,0,0,0,0,0,0,0,0,0,0,0,0,0,0,0,0,0,0,0,0,0
"MTEQUEND4",0,0,0,0,0,0,0,0,0,0,0,0,0,0,0,0,0,0,0,0,0,0,0,0
"MTMECHERO4",19,19,19,19,19,19,19,19,19,19,19,19,19,19,19,19,19,19,19,19,19,19,19,19
"MTMECHERO5",19,19,19,19,19,19,19,19,19,19,19,19,19,19,19,19,19,19,19,19,19,19,19,19
"MTMECHERO6",19,19,19,19,19,19,19,19,19,19,19,19,19,19,19,19,19,19,19,19,19,19,19,19
"MTUNJITA",0,0,0,0,0,0,0,0,0,0,0,0,0,0,0,0,0,0,0,0,0,0,0,0
"MUSAQUEN1",1,1,1,1,1,1,1,1,1,1,1,1,1,1,1,1,1,1,1,1,1,1,1,1
"MVENTANA_A",1,1,1,1,1,1,1,1,1,1,1,1,1,1,1,1,1,1,1,1,1,1,1,1
"MVENTANA_B",0,0,0,0,0,0,0,0,0,0,0,0,0,0,0,0,0,0,0,0,0,0,0,0
"MVIOLETAS",0,0,0,0,0,0,0,0,0,0,0,0,0,0,0,0,0,0,0,0,0,0,0,0
"MZEUS",2,2,2,2,2,2,2,2,2,2,2,2,2,2,2,2,2,2,2,2,2,2,2,2
"M_ALEJANDRIA",5,5,5,5,5,5,5,5,5,5,5,5,5,5,5,5,5,5,5,5,5,5,5,5
"M_AMAIME",1,1,1,1,1,1,1,1,1,1,1,1,1,1,1,1,1,1,1,1,1,1,1,1
"M_AMALFI",0,0,0,0,0,0,0,0,0,0,0,0,0,0,0,0,0,0,0,0,0,0,0,0
"M_AMERICA",0,0,0,0,0,0,0,0,0,0,0,0,0,0,0,0,0,0,0,0,0,0,0,0
"M_ASNAZU",0,0,0,0,0,0,0,0,0,0,0,0,0,0,0,0,0,0,0,0,0,0,0,0
"M_AURESBAJO",0,0,0,0,0,0,0,0,0,0,0,0,0,0,0,0,0,0,0,0,0,0,0,0
"M_ELEDEN",1,1,1,1,1,1,1,1,1,2,2,2,2,2,2,2,2,5,5,5,5,2,2,2
"M_ELMOLINO",12,12,12,12,12,12,12,12,12,12,12,12,12,12,12,12,12,12,12,12,12,12,12,12
"M_INTERMEDIA",0,0,0,0,0,0,0,0,0,0,0,0,0,0,0,0,0,0,0,0,0,0,0,0
"M_INZA",0,0,0,0,0,0,0,0,0,0,0,0,0,0,0,0,0,0,0,0,0,0,0,0
"M_IQUIRA1",1,1,1,1,1,1,1,1,1,1,1,1,1,1,1,1,1,1,1,1,1,1,1,1
"M_IQUIRA2",1,1,1,1,1,1,1,1,1,1,1,1,1,1,1,1,1,1,1,1,1,1,1,1
"M_MANANTIAL",0,0,0,0,0,0,0,0,0,0,0,0,0,0,0,0,0,0,0,0,0,0,0,0
"M_MIROLINDO",1,1,1,1,1,1,1,1,1,1,1,1,1,1,1,1,1,1,1,1,1,1,1,1
"M_MONDOMO",0,0,0,0,0,0,0,0,0,0,0,0,0,0,0,0,0,0,0,0,0,0,0,0
"M_MORROAZUL",4,4,4,4,4,4,4,4,4,4,4,4,4,4,4,4,4,4,4,4,4,4,4,4
"M_MUNICIPAL",1,1,1,1,1,1,1,1,1,1,1,1,1,1,1,1,1,1,1,1,1,1,1,1
"M_OIBITA",0,0,5,5,5,3,0,0,0,0,0,0,3,5,5,4,0,0,0,0,0,0,3,5
"M_OVEJAS",1,1,1,1,1,1,1,1,1,1,1,1,1,1,1,1,1,1,1,1,1,1,1,1
"M_UNION",1,1,1,1,1,1,1,1,1,1,1,1,1,1,1,1,1,1,1,1,1,1,1,0
"M_URRAO",1,1,1,1,1,1,1,1,1,1,1,1,1,1,1,1,1,1,1,1,1,1,1,1
"PAGUA",0,0,0,0,0,0,0,0,0,0,0,0,0,0,0,0,0,0,0,0,0,0,0,0
"PAIPA1",28,28,28,28,28,28,28,28,28,28,28,28,28,28,28,28,28,28,28,28,28,28,28,28
"PAIPA2",64,64,64,64,64,64,64,64,64,64,64,64,64,64,64,64,64,64,64,64,64,64,64,64
"PAIPA3",62,62,62,62,62,62,62,62,62,62,62,62,62,62,62,62,62,62,62,62,62,62,62,62
"PAIPA4",0,0,0,0,0,0,0,0,0,0,0,0,0,0,0,0,0,0,0,0,0,0,0,0
"PLAYAS",207,207,207,207,207,207,207,207,207,207,207,207,207,207,207,207,207,207,207,207,207,207,207,207
"PORCE2",0,0,0,0,0,0,0,0,0,0,0,0,0,0,0,0,0,0,405,405,404,0,0,0
"PORCE3",650,650,650,650,650,650,700,700,700,700,700,700,700,700,700,700,700,700,700,700,700,700,700,700
"PRADO",48,48,48,48,48,48,48,48,48,48,48,48,48,48,48,48,48,48,48,48,48,48,48,48
"PROELECT",90,90,90,90,90,90,90,90,90,90,90,90,90,90,90,90,90,90,90,90,90,90,90,90
"RIOFRIO2",3,3,3,3,3,3,3,3,3,3,3,3,3,3,3,3,3,2,3,2,3,3,3,3
"RN_ARENAL",0,0,0,0,0,0,0,1,1,1,1,2,2,2,1,1,1,0,0,0,0,0,0,0
"RN_AURORA",0,0,0,0,0,0,0,2,3,5,6,6,7,6,5,4,2,0,0,0,0,0,0,0
"RN_BOSLLAN4",0,0,0,0,0,2,8,14,14,14,15,15,15,15,13,7,0,0,0,0,0,0,0,0
"RN_BOSLLAN5",0,0,0,0,0,2,7,11,13,12,11,12,12,13,11,7,0,0,0,0,0,0,0,0
"RN_CABALLER",0,0,0,0,0,0,0,1,4,6,7,9,9,9,8,6,3,0,0,0,0,0,0,0
"RN_CAICIENA",0,0,0,0,0,0,1,6,9,9,9,9,9,9,8,7,4,0,0,0,0,0,0,0
"RN_CARACOLI",0,0,0,0,0,1,9,20,24,31,34,35,34,31,24,20,9,1,0,0,0,0,0,0
"RN_CELSOLBOL",0,0,0,0,0,0,0,0,3,5,6,7,5,7,6,4,2,0,0,0,0,0,0,0
"RN_CELSOLPAI",0,0,0,0,0,0,0,0,0,1,2,2,2,2,1,0,0,0,0,0,0,0,0,0
"RN_CERRITOS",0,0,0,0,0,0,0,2,5,8,9,9,9,9,9,8,5,1,0,0,0,0,0,0
"RN_DINAM",0,0,0,0,0,0,1,6,9,9,9,9,9,9,8,6,4,0,0,0,0,0,0,0
"RN_ELSALADO",0,0,0,0,0,0,0,0,0,0,0,0,0,0,0,0,0,0,0,0,0,0,0,0
"RN_EOLGUAJ",6,6,5,5,5,5,5,6,7,8,9,10,12,14,16,16,15,14,13,12,11,9,8,7
"RN_EWEPS01",6,5,5,5,5,5,5,5,6,6,7,8,8,9,11,11,11,10,9,9,9,7,6,6
"RN_FUNDAC",0,0,0,0,0,0,2,23,60,87,90,91,91,92,89,76,29,6,0,0,0,0,0,0
"RN_GIRASOL",0,0,0,0,0,1,3,6,8,9,10,10,9,8,6,3,1,0,0,0,0,0,0,0
"RN_GRBELMON",0,0,0,0,0,0,0,1,2,2,3,3,3,2,2,2,1,0,0,0,0,0,0,0
"RN_GUAMO",0,0,0,0,0,0,2,3,5,6,7,7,7,6,4,2,1,0,0,0,0,0,0,0
"RN_GUAYEPO",0,0,0,0,0,0,5,42,90,102,105,106,107,108,102,92,61,11,0,0,0,0,0,0
"RN_HELIOS1",0,0,0,0,0,0,3,7,10,8,12,9,15,13,10,5,2,0,0,0,0,0,0,0
"RN_LAHONDA1",0,0,0,0,0,0,1,2,4,6,8,9,9,9,7,8,6,2,1,0,0,0,0,0
"RN_LALOMA",0,0,0,0,0,0,0,0,0,0,0,0,0,0,0,0,0,0,0,0,0,0,0,0
"RN_LAMATA",0,0,0,0,0,0,1,6,18,22,24,26,25,22,21,16,11,2,0,0,0,0,0,0
"RN_LAMEDINA",0,0,0,0,0,0,0,1,3,6,7,8,9,8,7,5,2,0,0,0,0,0,0,0
"RN_LAMENA",0,0,0,0,0,0,1,5,8,9,9,9,9,9,8,6,4,0,0,0,0,0,0,0
"RN_LANCEROS",0,0,0,0,0,0,0,2,5,7,6,9,9,9,7,4,3,0,0,0,0,0,0,0
"RN_LASIERPE",0,0,0,0,0,0,1,4,8,12,15,16,17,17,14,10,12,2,1,0,0,0,0,0
"RN_LATOLUA",0,0,0,0,0,0,1,4,8,12,15,19,19,19,18,10,12,2,1,0,0,0,0,0
"RN_LAUNION",0,0,0,0,0,0,4,17,41,53,62,61,61,55,46,37,22,7,1,0,0,0,0,0
"RN_MONTELIB",0,0,0,0,0,0,0,1,4,6,6,7,8,8,6,5,3,0,0,0,0,0,0,0
"RN_NENERA",0,0,0,0,0,0,0,0,0,1,1,1,1,1,1,0,0,0,0,0,0,0,0,0
"RN_NUMBANA",0,0,0,0,0,0,2,4,5,7,8,8,7,6,5,3,1,0,0,0,0,0,0,0
"RN_PALMIRA3",0,0,0,0,0,0,0,0,0,0,1,1,1,1,0,0,0,0,0,0,0,0,0,0
"RN_PETALMGD",0,0,0,0,0,0,0,3,7,8,8,9,9,6,8,7,5,1,0,0,0,0,0,0
"RN_PLANETAR",0,0,0,0,0,0,0,3,7,11,15,15,13,16,14,10,6,0,0,0,0,0,0,0
"RN_PORTONSL",0,0,0,0,0,8,38,64,70,69,70,71,73,72,63,38,10,0,0,0,0,0,0,0
"RN_SBAYUNCA",0,0,0,0,0,0,1,2,2,2,2,2,2,2,1,1,0,0,0,0,0,0,0,0
"RN_SCARMELO",0,0,0,0,0,0,0,0,0,1,1,3,4,3,0,0,0,0,0,0,0,0,0,0
"RN_SDULIMA",0,0,0,0,0,0,0,5,12,16,17,16,19,17,17,12,10,3,0,0,0,0,0,0
"RN_SELPASO",0,0,0,0,0,0,3,30,59,66,50,60,60,50,45,63,41,6,0,0,0,0,0,0
"RN_SESPINAL",0,0,0,0,0,0,0,0,2,4,5,4,4,5,5,3,1,0,0,0,0,0,0,0
"RN_SFELIPE",0,0,0,0,0,0,0,0,0,5,7,9,9,9,9,6,3,0,0,0,0,0,0,0
"RN_SFLANDES",0,0,0,0,0,0,0,5,11,16,18,18,18,15,15,8,8,3,0,0,0,0,0,0
"RN_SINCE",0,0,0,0,0,0,0,6,14,16,17,17,16,14,14,12,3,1,0,0,0,0,0,0
"RN_STUCANES",0,0,0,0,0,0,0,3,6,7,8,8,7,8,8,7,5,1,0,0,0,0,0,0
"RN_SUNNORTE",0,0,0,0,0,0,0,35,35,35,35,35,35,35,35,35,35,0,0,0,0,0,0,0
"RN_SYUMA",0,0,0,0,0,0,0,2,6,7,7,7,9,8,7,6,5,1,0,0,0,0,0,0
"RN_SYUMBO",0,0,0,0,0,0,0,0,0,0,2,2,3,1,1,0,0,0,0,0,0,0,0,0
"RN_TASAJER2",0,0,0,0,0,0,0,1,2,3,3,3,3,3,3,2,0,0,0,0,0,0,0,0
"RN_TIERRALI",0,0,0,0,0,0,1,2,4,6,8,9,9,9,7,8,6,2,1,0,0,0,0,0
"RN_TRINAVA2",0,0,0,0,0,10,10,11,13,12,11,12,12,13,11,10,0,0,0,0,0,0,0,0
"RN_TRINAVA3",0,0,0,0,0,10,10,11,13,12,11,12,12,13,11,10,0,0,0,0,0,0,0,0
"RN_TRINAVAT",0,0,0,0,0,10,10,11,13,12,11,12,12,13,11,10,0,0,0,0,0,0,0,0
"RN_URUACO",0,0,0,0,0,0,0,1,1,1,1,1,1,1,1,1,1,0,0,0,0,0,0,0
"RN_VERSAL",0,0,0,0,0,0,1,6,9,9,9,9,9,9,8,6,4,0,0,0,0,0,0,0
"RN_VICTORY1",0,0,0,0,0,0,0,1,0,0,0,1,10,7,4,6,5,0,0,0,0,0,0,0
"RN_VICTORY2",0,0,0,0,0,0,0,4,5,18,19,15,19,17,8,11,9,1,0,0,0,0,0,0
"RPIEDRAS",4,6,6,6,6,6,6,6,4,4,4,4,4,4,4,4,4,4,4,4,4,4,4,4
"SALTO II",0,0,0,0,0,0,0,0,0,0,0,0,0,0,0,0,0,0,0,0,0,0,0,0
"SALVAJINA",70,70,70,70,70,70,118,118,118,118,118,118,118,118,118,118,118,118,118,118,118,118,118,70
"SANCARLOS",0,0,0,0,0,0,940,940,940,940,940,940,940,940,940,940,940,940,1240,1240,1240,940,879,914
"SANFRANCISCO",0,0,0,0,0,0,0,45,45,45,45,45,0,0,0,0,0,45,45,45,45,0,0,0
"SANMIGUEL",26,26,26,26,26,26,26,50,50,50,50,50,50,50,50,50,50,50,22,22,22,22,47,47
"SOGAMOSO",120,120,120,120,120,120,120,120,120,120,120,120,120,120,120,120,120,120,120,120,120,120,120,120
"TASAJER1",165,165,165,165,165,165,165,165,165,165,165,165,165,165,165,165,165,165,165,165,165,165,165,165
"TASAJERO2",170,170,170,170,170,170,170,170,170,170,170,170,170,170,170,170,170,170,170,170,170,170,170,170
"TCANDELCC",0,0,0,0,0,37,101,176,237,260,339,521,555,555,555,555,555,555,555,555,555,555,555,555
"TCARIBE3",42,42,42,42,42,42,42,42,42,42,42,42,42,42,42,42,42,42,42,42,42,42,42,42
"TCENTRO1",0,0,0,0,0,0,0,0,0,0,0,0,0,0,0,0,0,0,0,0,0,0,0,0
"TEBSA",791,791,791,791,791,791,791,791,659,664,669,674,669,714,791,791,791,791,791,791,791,791,791,791
"TEMCALI",0,0,0,0,0,0,0,0,0,0,0,0,0,0,0,0,0,0,0,0,0,0,0,0
"TERMONORTE",62,62,62,62,62,62,62,62,62,62,62,62,62,62,62,62,62,62,62,62,62,62,62,62
"TESORITO",53,53,53,53,53,53,53,0,0,0,0,0,0,0,0,0,0,53,108,108,108,108,108,108
"TPIEDRAS",4,4,4,4,4,4,4,4,4,4,4,4,4,4,4,4,4,4,4,4,4,4,4,4
"TSIERRA",0,0,0,0,0,0,0,0,0,0,0,0,0,0,0,0,0,0,0,0,0,0,0,0
"TVALLE",239,239,239,239,239,239,239,239,239,239,239,239,239,239,239,239,239,239,239,239,239,239,239,239
"TYOPAL1",8,8,8,8,8,8,8,8,8,8,8,8,8,8,8,8,8,8,8,8,8,8,8,8
"TYOPAL2",28,28,28,28,28,28,28,27,27,27,27,27,27,27,27,27,27,27,28,28,28,28,28,28
"TYOPAL3",46,46,46,46,46,46,46,46,46,46,46,46,46,46,46,46,46,46,46,46,46,46,46,46
"TYOPAL4",46,46,2,0,0,0,0,0,0,0,0,0,0,0,0,0,0,48,48,48,48,48,48,48
"TYOPAL5",0,0,0,0,0,0,0,0,0,0,0,0,0,0,0,0,0,0,0,0,0,0,0,0
"URRA",54,54,54,54,54,54,54,137,137,137,137,137,137,137,137,137,137,137,54,54,54,54,54,54
"ZIPAEMG2",0,0,0,0,0,0,0,0,0,0,0,0,0,0,0,0,0,0,0,0,0,0,0,0
"ZIPAEMG3",31,31,31,31,31,31,31,31,31,31,31,31,31,31,31,31,31,31,31,31,31,31,16,0
"ZIPAEMG4",64,64,64,64,64,64,64,64,64,64,64,64,64,64,64,64,64,64,64,64,64,64,64,64
"ZIPAEMG5",58,58,58,58,58,58,58,58,58,58,58,58,58,58,58,58,58,58,58,58,58,58,58,58
"Total",8387,8096,7893,7778,7896,8187,8428,8929,9521,9940,10263,10613,10628,10733,10883,10920,10769,10409,11419,11568,11401,10387,9609,8925
