"AG_ARGOSCTG",0,0,0,0,0,0,0,0,0,0,0,0,0,0,0,0,0,0,0,0,0,0,0,0
"AG_ARGOSSOG",1,1,1,1,1,1,1,1,1,1,1,1,1,1,1,1,1,1,1,1,1,1,1,1
"AG_ARGOSYUM",0,0,0,0,0,5,6,6,5,5,5,5,5,5,5,5,6,6,6,6,6,6,7,7
"AG_AYURA",11,11,11,11,11,11,11,11,11,11,11,11,11,11,11,11,11,11,11,11,11,11,11,11
"AG_BUGAGRAS",0,0,0,0,0,0,0,0,0,0,1,1,1,1,1,0,0,0,0,0,0,0,0,0
"AG_BUGASOLL",0,0,0,0,0,0,0,0,0,0,0,0,0,0,0,0,0,0,0,0,0,0,0,0
"AG_CARMELITA",1,1,1,1,1,1,1,1,1,1,1,1,1,1,1,1,1,1,1,1,1,1,1,1
"AG_COCACOLA",0,0,0,0,0,0,0,0,0,0,0,0,0,0,0,0,0,0,0,0,0,0,0,0
"AG_COSTAYAC",1,1,1,1,1,1,1,1,1,1,1,1,1,1,1,1,1,1,1,1,1,1,1,1
"AG_ECHORMIG",0,0,0,0,0,0,0,0,0,0,0,0,0,0,0,0,0,0,0,0,0,0,0,0
"AG_ELCAIRO",0,0,0,0,0,0,0,0,0,0,0,0,0,0,0,0,0,0,0,0,0,0,0,0
"AG_GRANCOL",0,0,0,0,0,0,0,0,0,0,0,0,0,0,0,0,0,0,0,0,0,0,0,0
"AG_INGMLUISA",0,0,0,0,0,0,0,0,0,0,0,0,0,0,0,0,0,0,0,0,0,0,0,0
"AG_ORITO",1,1,1,1,1,1,1,1,1,1,1,1,1,1,1,1,1,1,1,1,1,1,1,1
"AG_PAL3ZF",0,0,0,0,0,0,0,0,0,0,0,0,0,1,1,0,0,0,0,0,0,0,0,0
"AG_PCORDII",0,0,0,0,0,0,0,2,6,9,9,9,9,9,9,8,6,1,0,0,0,0,0,0
"AG_PTARBELLO",0,0,0,0,0,0,0,0,0,0,0,0,0,0,0,0,0,0,0,0,0,0,0,0
"AG_REFICAR",8,8,8,8,8,8,8,8,8,8,8,8,8,8,8,8,8,8,8,8,8,8,8,8
"AG_TERTAME",0,0,0,0,0,0,0,0,0,0,0,0,0,0,0,0,0,0,0,0,0,0,0,0
"AG_TURGAS",4,4,4,4,4,4,4,4,4,4,4,4,4,4,4,4,4,4,4,4,4,4,4,4
"AG_YAGUARI",0,0,0,0,0,0,0,0,0,0,0,0,0,0,0,0,0,0,0,0,0,0,0,0
"ALBAN",8,8,8,8,8,8,8,8,8,8,153,43,8,8,104,280,196,8,390,390,390,8,8,8
"ALTOTULUA",6,4,4,4,4,4,6,8,6,6,6,6,6,4,4,4,4,4,4,4,4,4,6,6
"AMOYA",0,0,0,0,0,60,60,60,60,60,46,46,46,46,46,46,46,46,46,46,46,46,46,46
"AR_CIJEANS",0,0,0,0,0,0,0,0,0,0,1,1,0,0,0,0,0,0,0,0,0,0,0,0
"AR_COLOMCAU",0,0,0,0,0,0,0,0,0,0,0,0,0,0,0,0,0,0,0,0,0,0,0,0
"AR_HARINAS",0,0,0,0,0,0,0,0,0,1,1,1,1,1,1,1,0,0,0,0,0,0,0,0
"AR_LEVAPAN",0,0,0,0,0,0,0,0,0,0,0,0,2,1,1,0,0,0,0,0,0,0,0,0
"AR_PINTUCO",0,0,0,0,0,0,0,0,0,0,0,0,0,0,0,0,0,0,0,0,0,0,0,0
"BAJOTULUA",10,8,10,10,10,10,10,10,6,0,4,8,8,6,6,6,6,6,6,6,6,6,6,6
"BARRANQ3",0,0,0,0,0,0,0,0,0,0,0,0,0,0,0,0,0,0,0,0,0,0,0,0
"BARRANQ4",0,0,0,0,0,0,0,0,0,0,0,0,0,0,0,0,0,0,0,0,0,0,0,0
"BETANIA",60,60,60,60,60,60,60,203,154,320,320,320,320,320,320,320,320,320,320,320,320,320,60,60
"CALIMA1",0,0,0,0,0,0,0,0,0,0,132,115,61,16,132,132,132,132,98,98,98,0,0,0
"CHIVOR",692,750,750,750,750,750,750,625,625,625,625,625,625,625,625,625,625,750,750,750,750,750,695,730
"CMANUELITA2",1,5,7,4,2,7,8,5,4,4,4,6,6,6,6,4,6,7,7,5,0,1,4,6
"CMAYAGUEZ",10,9,12,11,10,10,14,15,10,11,10,9,9,13,11,13,12,12,11,12,12,12,12,11
"COBIOENERGY",15,15,15,15,15,15,15,15,15,15,15,15,15,15,15,15,15,15,15,15,15,15,15,15
"COINCAUCA",21,21,21,21,21,21,21,21,21,21,21,21,21,21,21,21,21,21,21,21,21,21,21,21
"CORISARAL",15,15,15,15,15,15,15,15,15,15,15,15,15,15,15,15,15,15,15,15,15,15,15,15
"CPROENCA2",17,17,17,17,17,17,17,17,17,17,17,17,17,17,17,17,17,17,17,17,17,17,17,17
"CPROVIDEN",12,12,12,12,12,12,12,12,12,12,12,12,12,12,12,12,12,12,12,12,12,12,12,12
"CRIOPAILA",16,16,16,16,16,16,16,16,16,16,16,16,16,16,16,16,16,16,16,16,16,16,16,16
"CSANCARLOS",1,1,1,1,1,1,1,1,1,1,0,0,1,1,1,1,1,1,1,1,1,1,1,1
"CTGEMG1",0,0,0,0,0,0,0,0,0,0,0,0,0,0,0,0,0,0,0,0,0,0,0,0
"CTGEMG2",0,0,0,0,0,0,0,0,0,0,0,0,0,0,0,0,0,0,0,0,0,0,0,0
"CTGEMG3",0,0,0,0,0,0,0,0,0,0,0,0,0,0,0,0,0,0,0,0,0,0,0,0
"CUCUANA",0,0,0,0,0,35,35,35,35,35,35,24,24,24,24,24,24,24,24,24,24,24,24,24
"C_CASTILLA",3,3,3,3,3,3,3,3,3,3,3,3,3,3,3,3,3,3,3,3,3,3,3,3
"C_LLERAS",21,18,18,18,16,16,16,20,20,20,20,20,18,18,18,18,18,22,22,22,22,22,22,22
"DARIOVS",99,99,99,99,99,99,49,49,99,99,99,99,99,99,99,99,99,99,99,99,99,45,45,45
"DORADA1",0,0,0,0,0,0,0,0,0,0,0,0,0,0,0,0,0,0,0,0,0,0,0,0
"ECUADOR11",0,0,0,0,0,0,0,0,0,0,0,0,0,0,0,0,0,0,0,0,0,0,0,0
"ECUADOR12",0,0,0,0,0,0,0,0,0,0,0,0,0,0,0,0,0,0,0,0,0,0,0,0
"ECUADOR13",0,0,0,0,0,0,0,0,0,0,0,0,0,0,0,0,0,0,0,0,0,0,0,0
"ECUADOR14",0,0,0,0,0,0,0,0,0,0,0,0,0,0,0,0,0,0,0,0,0,0,0,0
"ECUADOR21",0,0,0,0,0,0,0,0,0,0,0,0,0,0,0,0,0,0,0,0,0,0,0,0
"ECUADOR210",0,0,0,0,0,0,0,0,0,0,0,0,0,0,0,0,0,0,0,0,0,0,0,0
"ECUADOR22",0,0,0,0,0,0,0,0,0,0,0,0,0,0,0,0,0,0,0,0,0,0,0,0
"ECUADOR23",0,0,0,0,0,0,0,0,0,0,0,0,0,0,0,0,0,0,0,0,0,0,0,0
"ECUADOR24",0,0,0,0,0,0,0,0,0,0,0,0,0,0,0,0,0,0,0,0,0,0,0,0
"ECUADOR25",0,0,0,0,0,0,0,0,0,0,0,0,0,0,0,0,0,0,0,0,0,0,0,0
"ECUADOR26",0,0,0,0,0,0,0,0,0,0,0,0,0,0,0,0,0,0,0,0,0,0,0,0
"ECUADOR27",0,0,0,0,0,0,0,0,0,0,0,0,0,0,0,0,0,0,0,0,0,0,0,0
"ECUADOR28",0,0,0,0,0,0,0,0,0,0,0,0,0,0,0,0,0,0,0,0,0,0,0,0
"ECUADOR29",0,0,0,0,0,0,0,0,0,0,0,0,0,0,0,0,0,0,0,0,0,0,0,0
"ELQUIMBO",275,275,275,275,275,317,326,292,292,292,162,162,162,162,162,162,162,324,324,324,292,324,237,75
"ESCUELAMINAS",9,9,9,9,9,9,9,9,9,9,9,9,9,9,9,9,17,17,17,17,17,17,12,12
"ESMERALDA",0,0,17,17,17,17,17,17,17,17,17,17,17,17,17,17,17,17,17,17,17,17,17,17
"FLORES IV",385,295,235,220,220,300,300,300,300,300,370,420,445,445,445,445,445,445,445,445,445,421,361,271
"FLORES1",140,90,65,20,0,0,0,0,0,0,0,0,0,0,0,0,0,0,0,0,0,0,0,0
"FLORIDA2",0,0,0,0,0,0,0,0,6,6,6,6,6,6,6,6,18,18,18,18,18,0,0,0
"GD_COMSALV1",0,0,0,0,0,0,0,0,0,0,0,0,0,0,0,0,0,0,0,0,0,0,0,0
"GD_COMSALV2",0,0,0,0,0,0,0,0,0,0,0,0,0,0,0,0,0,0,0,0,0,0,0,0
"GECELCA3",164,164,164,164,164,0,0,0,0,0,0,0,0,0,0,0,0,0,0,0,0,0,0,0
"GECELCA32",270,270,270,270,270,130,130,182,232,150,150,150,150,150,150,150,270,150,150,160,270,270,270,270
"GUAJIR11",128,118,108,98,88,145,145,145,145,145,145,145,145,145,145,145,145,145,145,145,145,145,145,145
"GUAJIR21",72,72,72,72,72,130,130,130,130,130,130,130,130,130,130,130,130,130,130,130,130,130,86,85
"GUATAPE",490,490,490,490,490,490,490,490,490,490,490,490,490,490,490,490,490,490,490,490,490,490,490,490
"GUATRON",0,0,126,121,275,512,512,512,512,400,400,400,408,408,408,408,443,469,408,320,338,512,512,512
"GUAVIO",0,0,0,0,0,0,0,0,0,0,0,0,0,0,0,0,0,0,494,683,320,0,0,0
"INSULA",7,7,7,7,7,7,7,7,7,7,7,7,7,7,7,7,7,7,7,7,7,7,7,7
"ITUANGO",484,761,860,860,860,860,860,860,860,860,860,860,860,860,860,860,860,860,860,860,860,860,860,860
"JAGUAS",100,106,106,106,106,106,106,106,106,106,106,106,106,106,106,106,106,106,149,170,170,106,100,100
"LAFRISOLERA",0,0,0,0,0,0,0,0,0,0,0,0,0,0,0,0,0,0,0,0,0,0,0,0
"LAHERRADURA",10,10,10,10,10,10,10,10,10,10,10,10,10,10,10,10,10,10,10,10,10,10,10,10
"LATASAJERA",0,0,0,0,0,0,0,0,0,0,0,0,0,0,0,0,0,0,0,0,0,0,0,0
"MABEJORRAL",1,1,1,1,1,1,1,1,1,1,1,1,1,1,1,1,1,1,1,1,1,1,1,1
"MAGUAFRE",5,5,5,5,5,5,5,5,5,5,5,5,5,5,5,5,5,5,5,5,5,5,5,5
"MBARROSO1",9,9,9,9,9,9,9,9,10,10,10,10,9,9,9,9,9,10,10,10,10,9,9,9
"MBAYONA",1,1,1,1,1,1,1,1,1,1,1,1,1,1,1,1,1,1,1,1,1,1,1,1
"MBELLO",0,0,0,0,0,0,0,0,0,0,0,0,0,0,0,0,0,0,0,0,0,0,0,0
"MBELMONTE",1,1,1,1,1,1,1,1,1,1,1,1,1,1,1,1,1,1,1,1,1,1,1,1
"MB_TEQUENDA",0,0,0,0,0,0,0,0,0,0,0,0,0,0,0,0,0,0,0,0,0,0,0,0
"MCALDERAS",6,6,6,6,6,6,6,6,6,6,6,14,14,6,6,6,6,6,20,20,20,6,6,6
"MCAMPEST_EPM",0,0,0,0,0,0,0,0,0,0,0,0,0,0,0,0,0,0,0,0,0,0,0,0
"MCAMP_CALARC",1,1,1,1,1,1,1,1,1,1,1,1,1,1,1,1,1,1,1,1,1,1,1,1
"MCANTAYUS",2,2,2,2,2,2,2,2,2,2,2,2,2,2,2,2,2,2,2,2,1,1,1,2
"MCARACOLI",4,4,4,4,4,4,4,4,4,4,4,4,4,4,4,4,4,4,4,4,4,4,4,4
"MCARUQUIA",0,0,0,0,0,0,0,0,0,0,0,0,0,0,0,0,0,4,4,4,4,4,4,4
"MCASCADA1",1,1,1,1,1,1,1,1,1,1,1,1,1,1,1,1,1,1,1,1,1,1,1,1
"MCASCADA_EPM",2,2,2,2,2,2,2,2,2,2,2,2,2,2,2,2,2,2,2,2,2,2,2,2
"MCASCADGRD",1,1,1,1,1,1,1,1,1,1,1,1,1,1,1,1,1,1,1,1,1,1,1,1
"MCAUYA",0,0,0,0,0,0,0,0,0,0,0,0,0,0,0,0,0,0,0,0,0,0,0,0
"MCEMENTNARE",8,8,8,8,8,8,6,6,6,6,6,6,6,6,6,6,6,6,6,6,6,6,8,8
"MCHARQUITO",0,0,0,0,0,0,0,0,0,0,0,0,0,0,0,0,0,0,0,0,0,0,0,0
"MCOCONUCO",3,3,3,3,3,3,3,3,3,3,3,3,3,3,2,2,2,2,3,3,3,3,3,3
"MCOCUYO",0,0,0,0,0,0,0,0,0,0,0,0,0,0,0,0,0,0,0,0,0,0,0,0
"MCOELLO",1,1,1,1,1,1,1,1,1,1,1,1,1,1,1,1,1,1,1,1,1,1,1,1
"MCURRUCU",0,0,0,0,0,0,0,0,0,0,0,0,0,0,0,0,0,0,0,0,0,0,0,0
"MDONAJUANA",0,0,0,0,0,0,0,0,0,0,0,0,0,0,0,0,0,0,0,0,0,0,0,0
"MELBOSQUE",2,2,2,2,2,2,2,2,2,2,2,2,2,2,2,2,2,2,2,2,2,2,2,2
"MELPOPAL",18,18,18,14,12,12,14,16,16,16,16,16,16,16,14,14,14,14,14,14,16,16,16,16
"MERILEC1",0,0,0,0,0,0,0,0,0,0,0,0,0,0,0,0,0,0,0,0,0,0,0,0
"MGUACAICA",1,1,1,1,1,1,1,1,1,1,1,1,1,1,1,1,1,1,1,1,1,1,1,1
"MGUANAQUITA",0,0,0,0,0,0,0,0,0,0,0,0,0,0,0,0,0,4,4,4,4,4,4,4
"MGUAVIO",5,5,5,5,5,5,5,5,5,5,5,5,5,5,5,5,5,5,5,5,5,5,5,5
"MHBARRANCAS",3,3,3,3,3,3,3,3,3,3,3,3,3,3,3,3,3,3,3,3,3,3,3,3
"MIEL1",243,177,32,32,32,32,32,32,32,32,32,32,32,32,32,32,32,34,269,269,268,202,136,32
"MJEPIRAC",0,0,0,0,0,0,0,0,0,0,0,0,0,0,0,0,0,0,0,0,0,0,0,0
"MJUANGAR",1,1,1,1,1,1,1,1,1,1,1,1,1,1,1,1,1,1,1,1,1,1,1,1
"MJULIOBRAVO",0,0,0,0,0,0,0,0,0,0,0,0,0,0,0,0,0,0,0,0,0,0,0,0
"MLACHORRERA",4,4,4,4,4,4,4,4,4,4,4,4,4,4,4,4,4,4,4,4,4,4,4,4
"MLAGUNETA",14,14,14,14,14,14,14,14,14,14,14,14,14,14,14,14,14,14,14,14,14,14,14,14
"MLANAVETA",3,3,3,3,3,3,3,3,3,3,3,3,3,3,3,3,3,3,3,3,3,3,3,3
"MLAPITA",1,1,1,1,1,1,1,1,1,1,1,1,1,1,1,1,1,1,1,1,1,1,1,1
"MLAREBUSCA",1,1,1,1,1,1,1,1,1,1,1,1,1,1,1,1,1,1,1,1,1,1,1,1
"MLASPALMAS",1,1,1,1,1,1,1,1,1,1,1,1,1,1,1,1,1,1,1,1,1,1,1,1
"MLAVUELTA",5,5,5,5,5,5,5,5,5,5,5,5,5,5,5,5,5,5,5,5,5,5,5,5
"MLIBERTAD",0,0,0,0,0,0,0,0,0,0,0,0,0,0,0,0,0,0,0,0,0,0,0,0
"MLIMONAR",14,14,14,14,14,14,14,14,14,14,14,14,14,14,14,14,14,14,14,14,14,14,14,14
"MLUZMA1",9,9,9,9,9,9,9,9,9,9,9,9,9,9,9,9,9,8,8,8,8,8,8,8
"MLUZMA2",9,9,9,9,9,9,9,9,9,9,9,9,9,9,9,9,9,8,8,8,8,8,8,8
"MMAGALLO",2,2,2,2,2,2,2,2,2,2,2,2,2,2,2,2,2,2,2,2,2,2,2,2
"MMONTAÑITAS",8,8,8,8,8,8,8,8,8,8,8,8,8,8,8,8,8,8,8,8,8,8,8,10
"MMULATOSII",2,2,2,2,2,2,2,2,2,2,2,2,2,2,2,2,2,2,2,2,2,2,2,2
"MNIMA",1,1,1,1,1,1,1,1,2,2,2,2,2,2,2,2,2,2,2,2,2,2,2,2
"MNIQUIA",0,0,0,0,0,0,0,0,0,0,0,0,0,0,0,0,0,0,0,0,0,0,0,0
"MNLIBARE",1,1,1,1,1,1,1,1,1,1,1,1,1,1,1,1,1,1,1,1,1,1,1,1
"MNUTIBARA",0,0,0,0,0,0,0,0,0,0,0,0,0,0,0,0,0,0,0,0,0,0,0,0
"MPAJARITO",2,2,2,2,2,2,2,2,2,2,2,2,2,2,2,2,2,2,2,2,2,2,2,2
"MPALMAS_SGIL",8,8,8,8,8,8,8,8,8,8,8,8,8,8,8,8,8,8,8,8,8,8,8,8
"MPASTALES",0,0,0,0,0,0,0,0,0,0,0,0,0,0,0,0,0,0,0,0,0,0,0,0
"MPATICOLACAB",0,0,0,0,0,0,0,0,0,0,0,0,0,0,0,0,0,0,0,0,0,0,0,0
"MPOCUNE",1,1,1,1,1,1,1,1,1,1,1,1,1,1,1,1,1,1,1,1,1,1,1,1
"MPORCEIII",2,2,2,2,2,2,2,2,2,2,2,2,2,2,2,2,2,2,2,2,2,2,2,2
"MPRADO4",5,5,5,5,5,5,5,5,5,5,5,5,5,5,5,5,5,5,5,5,5,5,5,5
"MPROENCA2",8,8,8,8,8,8,8,8,8,8,8,8,8,8,8,8,8,8,8,8,8,8,8,8
"MPROVIDEN",5,5,5,5,5,5,5,5,5,5,5,5,5,5,5,5,5,5,5,5,5,5,5,5
"MPTE_GUILL",1,1,1,1,1,1,1,1,1,1,1,1,1,1,1,1,1,1,1,1,1,1,1,1
"MREMEDIOS",1,1,1,1,1,1,1,1,1,1,1,1,1,1,1,1,1,1,1,1,1,1,1,1
"MRFRIOTAMES",1,1,1,1,1,1,1,1,1,1,1,1,1,1,1,1,1,1,1,1,1,1,1,1
"MRIOBOBO",3,3,3,3,3,3,3,3,3,3,3,3,3,3,3,3,3,3,3,3,3,3,3,3
"MRIOFRIO1",1,1,1,1,1,1,1,1,1,1,1,1,1,1,1,1,1,1,1,1,1,1,1,1
"MRIOGRANDE",0,0,0,0,0,0,0,0,0,0,0,0,0,0,0,0,0,0,0,0,0,0,0,0
"MRIOGRANDE1",0,0,0,0,0,0,0,0,0,0,0,0,0,0,0,0,0,0,0,0,0,0,0,0
"MRIOMAYO",0,0,12,13,13,13,13,19,20,20,20,18,0,0,0,0,0,18,20,20,20,19,7,7
"MRIONEGRO",7,7,7,7,7,7,7,7,7,7,7,7,7,7,7,7,7,7,7,7,7,7,7,7
"MRIOPALO",1,1,1,1,1,1,1,1,1,1,1,1,1,1,1,1,1,1,1,1,1,1,1,1
"MRIORECIO",1,1,1,1,1,1,1,1,1,1,1,1,1,1,1,1,1,1,1,1,1,1,1,1
"MRIOSAPUYES",0,0,0,0,0,0,0,0,0,0,0,0,0,0,0,0,0,0,0,0,0,0,0,0
"MRIO_CALI",0,0,0,0,0,0,0,0,0,0,0,0,0,0,0,0,0,0,0,0,0,0,0,0
"MRUMOR",2,2,2,2,2,2,2,2,2,2,1,1,1,1,2,2,2,2,2,2,2,2,2,2
"MSAJANDI",3,3,3,3,3,3,3,3,3,3,3,3,3,3,3,3,3,3,3,3,3,3,3,3
"MSANCANCIO",1,1,1,1,1,1,1,1,1,1,1,1,1,1,1,1,1,1,1,1,1,1,1,1
"MSANFRANCISC",0,0,0,0,0,0,0,0,0,0,0,0,0,0,0,0,0,0,0,0,0,0,0,0
"MSANJOSE",0,0,0,0,0,0,0,0,0,0,0,0,0,0,0,0,0,0,0,0,0,0,0,0
"MSANTANA",4,4,4,4,4,4,4,4,4,4,4,4,4,4,4,4,4,4,4,4,4,4,4,4
"MSANTARITA",0,0,0,0,0,0,0,0,0,0,0,0,0,0,0,0,0,0,0,0,0,0,0,0
"MSANTIAGO",1,1,1,1,1,1,1,1,1,1,1,1,1,1,1,1,1,1,1,1,1,1,1,1
"MSBARTOLOME",15,15,16,14,14,14,14,14,13,13,13,10,10,10,10,10,9,9,8,8,8,8,8,8
"MSILVIA",0,0,0,0,0,0,0,0,0,0,0,0,0,0,0,0,0,0,0,0,0,0,0,0
"MSNANDRESC",18,18,18,18,16,16,14,14,12,12,12,12,10,10,10,10,10,10,10,10,10,10,8,8
"MSNJOSE_MN2",0,0,0,0,0,0,0,0,0,0,0,0,0,0,0,0,0,0,0,0,0,0,0,0
"MSNJOSE_MONT",0,0,0,0,0,0,0,0,0,0,0,0,0,0,0,0,0,0,0,0,0,0,0,0
"MSNMATIAS",12,12,12,12,12,12,12,12,12,12,12,12,12,12,12,12,12,12,12,12,12,12,12,12
"MSONSON",0,0,0,0,0,0,0,0,0,0,0,0,0,0,0,0,0,0,0,0,0,0,0,0
"MSUBA1",2,2,2,2,2,2,2,2,2,2,2,2,2,2,2,2,2,2,2,2,2,2,2,2
"MSUEVA",2,2,2,2,2,2,2,2,2,2,2,2,2,2,2,2,2,2,2,2,2,2,2,6
"MTBOLIVAR",2,2,2,2,2,2,2,2,2,2,2,2,2,2,2,2,2,2,2,2,2,2,2,2
"MTCAPACHOS",0,0,0,0,0,0,0,0,0,0,0,0,0,0,0,0,0,0,0,0,0,0,0,0
"MTEQUEND1",10,10,10,10,10,10,10,10,10,10,10,10,10,10,10,10,10,10,10,10,10,10,10,10
"MTEQUEND2",10,10,10,10,10,10,10,10,10,10,10,10,10,10,10,10,10,10,10,10,10,10,10,10
"MTEQUEND3",10,10,10,10,10,10,10,10,10,10,10,10,10,10,10,10,10,10,10,10,10,10,10,10
"MTEQUEND4",10,10,10,10,10,10,10,10,10,10,10,10,10,10,10,10,10,10,10,10,10,10,10,10
"MTMECHERO4",11,11,11,11,11,11,11,11,11,11,11,11,11,11,11,11,11,11,11,11,11,11,11,11
"MTMECHERO5",19,19,19,19,19,19,19,19,19,19,19,19,19,19,19,19,19,19,19,19,19,19,19,19
"MTMECHERO6",19,19,19,19,19,19,19,19,19,19,19,19,19,19,19,19,19,19,19,19,19,19,19,19
"MTUNJITA",0,0,0,0,0,0,0,0,0,0,0,0,0,0,0,0,0,0,0,0,0,0,0,0
"MUSAQUEN1",1,1,1,1,1,1,1,1,1,1,1,1,1,1,1,1,1,1,1,1,1,1,1,1
"MVENTANA_A",1,1,1,1,1,1,1,1,1,1,1,1,1,1,1,1,1,1,1,1,1,1,1,1
"MVENTANA_B",0,0,0,0,0,0,0,0,0,0,0,0,0,0,0,0,0,0,0,0,0,0,0,0
"MVIOLETAS",0,0,0,0,0,0,0,0,0,0,0,0,0,0,0,0,0,0,0,0,0,0,0,0
"MZEUS",3,3,3,3,3,3,3,3,3,3,3,3,3,3,3,3,3,3,3,3,3,3,3,3
"M_ALEJANDRIA",7,7,7,7,7,7,7,7,7,7,7,7,7,7,7,7,7,7,7,7,7,7,7,9
"M_AMAIME",7,7,6,6,6,6,6,5,5,5,5,5,5,5,4,4,4,4,4,4,4,5,5,4
"M_AMALFI",1,1,1,1,1,1,1,1,1,1,1,1,1,1,1,1,1,1,1,1,1,1,1,1
"M_AMERICA",0,0,0,0,0,0,0,0,0,0,0,0,0,0,0,0,0,0,0,0,0,0,0,0
"M_ASNAZU",0,0,0,0,0,0,0,0,0,0,0,0,0,0,0,0,0,0,0,0,0,0,0,0
"M_AURESBAJO",7,7,7,7,7,7,7,7,7,7,7,7,7,7,7,7,7,7,7,7,7,7,7,7
"M_ELEDEN",1,1,1,1,1,1,1,1,1,2,2,2,2,2,2,2,2,5,5,5,5,2,2,2
"M_ELMOLINO",12,12,12,12,12,12,12,12,12,12,12,12,12,12,12,12,12,12,12,12,12,12,12,12
"M_INTERMEDIA",0,0,0,0,0,0,0,0,0,0,0,0,0,0,0,0,0,0,0,0,0,0,0,0
"M_INZA",0,0,0,0,0,0,0,0,0,0,0,0,0,0,0,0,0,0,0,0,0,0,0,0
"M_IQUIRA1",2,2,2,2,2,2,2,2,2,2,2,2,2,2,2,2,2,1,2,2,2,2,2,2
"M_IQUIRA2",1,1,1,1,1,1,1,1,1,1,1,1,1,1,1,1,1,1,1,1,1,1,1,1
"M_MANANTIAL",0,0,0,0,0,0,0,0,0,0,0,0,0,0,0,0,0,0,0,0,0,0,0,0
"M_MIROLINDO",1,1,1,1,1,1,1,1,1,1,1,1,1,1,1,1,1,1,1,1,1,1,1,1
"M_MONDOMO",0,0,0,0,0,0,0,0,0,0,0,0,0,0,0,0,0,0,0,0,0,0,0,0
"M_MORROAZUL",7,7,7,7,7,7,7,7,7,7,7,7,7,7,7,7,7,7,7,7,7,7,7,7
"M_MUNICIPAL",1,1,1,1,1,1,1,1,1,1,1,1,1,1,1,1,1,1,1,1,1,1,1,1
"M_OIBITA",15,16,16,14,14,14,14,14,13,13,13,10,10,10,10,10,9,9,8,8,8,8,8,8
"M_OVEJAS",1,1,1,1,1,1,1,1,1,1,1,1,1,1,1,1,1,1,1,1,1,1,1,1
"M_UNION",1,1,1,1,1,1,1,1,1,1,1,1,1,1,1,1,1,1,1,1,1,1,1,0
"M_URRAO",1,1,1,1,1,1,1,1,1,1,1,1,1,1,1,1,1,1,1,1,1,1,1,1
"PAGUA",600,600,600,600,600,600,600,600,600,600,400,600,600,600,600,600,600,600,600,600,600,600,600,600
"PAIPA1",26,24,22,20,18,20,20,20,20,20,22,28,28,28,28,28,28,28,28,28,28,28,28,28
"PAIPA2",59,54,49,44,39,44,40,40,40,40,45,64,64,64,64,64,64,64,64,64,64,64,64,64
"PAIPA3",0,0,0,0,0,0,0,0,0,0,0,0,0,0,0,0,0,0,0,0,0,0,0,0
"PAIPA4",133,100,68,50,50,94,94,94,94,112,148,165,165,165,165,165,165,165,165,165,165,165,165,165
"PLAYAS",207,207,207,207,207,207,207,207,207,207,207,207,207,207,207,207,207,207,207,207,207,207,207,207
"PORCE2",315,315,315,315,315,315,315,315,315,315,315,315,315,315,315,315,315,315,315,387,387,315,315,315
"PORCE3",0,0,0,0,0,0,0,0,0,0,0,0,0,0,0,0,0,0,0,0,0,0,0,0
"PRADO",0,0,0,0,0,0,0,0,0,3,48,48,48,44,48,48,48,48,48,48,48,37,0,0
"PROELECT",20,0,0,0,0,0,0,0,0,0,0,0,0,0,0,0,0,0,0,0,0,0,0,0
"RIOFRIO2",3,3,3,3,3,3,3,3,3,2,3,3,3,2,3,3,2,3,3,3,3,3,3,3
"RN_ARENAL",0,0,0,0,0,0,0,1,1,1,1,2,2,2,1,1,1,0,0,0,0,0,0,0
"RN_AURORA",0,0,0,0,0,0,0,2,3,5,6,6,7,6,5,4,2,0,0,0,0,0,0,0
"RN_BOSLLAN4",0,0,0,0,0,2,6,10,16,17,17,16,15,13,9,5,0,0,0,0,0,0,0,0
"RN_BOSLLAN5",0,0,0,0,0,2,6,9,13,14,14,13,12,11,9,5,2,0,0,0,0,0,0,0
"RN_CABALLER",0,0,0,0,0,0,0,1,1,3,7,8,8,6,3,4,3,0,0,0,0,0,0,0
"RN_CAICIENA",0,0,0,0,0,0,1,6,9,9,9,9,9,9,8,7,4,0,0,0,0,0,0,0
"RN_CARACOLI",0,0,0,0,0,1,9,20,24,31,34,35,34,31,24,20,9,1,0,0,0,0,0,0
"RN_CELSOLBOL",0,0,0,0,0,0,0,1,3,5,6,6,7,7,6,4,2,0,0,0,0,0,0,0
"RN_CELSOLPAI",0,0,0,0,0,0,0,0,0,0,0,0,1,2,2,1,0,0,0,0,0,0,0,0
"RN_CERRITOS",0,0,0,0,0,0,0,1,1,4,6,7,7,8,4,4,5,1,0,0,0,0,0,0
"RN_DINAM",0,0,0,0,0,0,1,6,9,9,9,9,9,9,8,6,4,0,0,0,0,0,0,0
"RN_ELSALADO",0,0,0,0,0,0,0,0,0,0,0,0,0,0,0,0,0,0,0,0,0,0,0,0
"RN_EOLGUAJ",11,10,10,9,12,10,5,5,10,12,12,12,12,12,12,12,12,12,12,13,12,12,11,10
"RN_EWEPS01",0,0,0,0,2,0,0,0,0,2,2,3,3,3,4,4,3,3,2,8,8,8,8,8
"RN_FUNDAC",0,0,0,0,0,0,1,19,59,79,87,74,72,64,78,79,43,8,0,0,0,0,0,0
"RN_GIRASOL",0,0,0,0,0,1,3,6,8,9,10,10,9,8,6,3,1,0,0,0,0,0,0,0
"RN_GRBELMON",0,0,0,0,0,0,0,1,2,2,3,3,3,2,2,2,1,0,0,0,0,0,0,0
"RN_GUAMO",0,0,0,0,0,0,2,3,5,6,7,7,7,6,4,2,1,0,0,0,0,0,0,0
"RN_GUAYEPO",0,0,0,0,0,0,5,41,69,104,117,85,86,102,96,68,53,14,0,0,0,0,0,0
"RN_HELIOS1",0,0,0,0,0,0,3,7,10,8,12,9,15,13,10,5,2,0,0,0,0,0,0,0
"RN_LAHONDA1",0,0,0,0,0,0,1,2,4,6,8,9,9,9,8,7,4,2,1,0,0,0,0,0
"RN_LALOMA",0,0,0,0,0,0,0,45,81,85,104,104,110,98,88,74,47,8,0,0,0,0,0,0
"RN_LAMATA",0,0,0,0,0,0,1,6,18,22,25,26,25,22,22,17,12,2,0,0,0,0,0,0
"RN_LAMEDINA",0,0,0,0,0,0,0,1,1,3,7,7,8,6,3,3,2,0,0,0,0,0,0,0
"RN_LAMENA",0,0,0,0,0,0,1,5,8,9,9,9,9,9,8,6,4,0,0,0,0,0,0,0
"RN_LANCEROS",0,0,0,0,0,0,0,1,3,5,7,7,8,9,4,5,2,1,0,0,0,0,0,0
"RN_LASIERPE",0,0,0,0,0,0,2,4,6,12,16,19,19,18,18,16,11,4,1,0,0,0,0,0
"RN_LATOLUA",0,0,0,0,0,0,2,4,6,8,12,16,19,18,18,16,11,4,1,0,0,0,0,0
"RN_LAUNION",0,0,0,0,0,0,4,16,39,50,58,57,56,48,38,31,19,7,1,0,0,0,0,0
"RN_MONTELIB",0,0,0,0,0,0,0,1,2,3,4,5,8,4,7,5,1,0,0,0,0,0,0,0
"RN_NENERA",0,0,0,0,0,0,0,0,0,1,1,1,1,1,1,0,0,0,0,0,0,0,0,0
"RN_NUMBANA",0,0,0,0,0,0,2,4,5,7,8,8,7,6,5,3,1,0,0,0,0,0,0,0
"RN_PALMIRA3",0,0,0,0,0,0,0,0,0,0,0,0,0,1,1,0,0,0,0,0,0,0,0,0
"RN_PETALMGD",0,0,0,0,0,0,0,0,1,3,8,9,7,6,7,6,6,1,0,0,0,0,0,0
"RN_PLANETAR",0,0,0,0,0,0,0,2,3,6,15,12,16,17,17,10,1,1,0,0,0,0,0,0
"RN_PORTONSL",0,0,0,0,0,8,38,64,70,69,70,71,73,72,63,38,10,0,0,0,0,0,0,0
"RN_SBAYUNCA",0,0,0,0,0,0,1,2,2,2,2,2,2,2,1,1,0,0,0,0,0,0,0,0
"RN_SCARMELO",0,0,0,0,0,0,0,0,0,0,0,1,1,1,2,0,0,0,0,0,0,0,0,0
"RN_SDULIMA",0,0,0,0,0,0,1,2,6,13,14,17,18,19,19,13,18,4,0,0,0,0,0,0
"RN_SELPASO",0,0,0,0,0,0,2,17,28,31,31,35,42,45,46,43,10,4,0,0,0,0,0,0
"RN_SESPINAL",0,0,0,0,0,0,0,0,0,4,3,4,6,6,5,3,1,0,0,0,0,0,0,0
"RN_SFELIPE",0,0,0,0,0,0,0,0,2,4,6,9,8,7,6,4,1,0,0,0,0,0,0,0
"RN_SFLANDES",0,0,0,0,0,0,0,2,6,13,14,16,17,19,18,15,15,3,0,0,0,0,0,0
"RN_SINCE",0,0,0,0,0,0,0,1,6,17,13,11,14,14,12,14,5,1,0,0,0,0,0,0
"RN_STUCANES",0,0,0,0,0,0,0,2,5,6,7,6,8,8,8,7,6,1,0,0,0,0,0,0
"RN_SUNNORTE",0,0,0,0,0,0,35,35,35,35,35,35,35,35,35,35,35,35,0,0,0,0,0,0
"RN_SYUMA",0,0,0,0,0,0,0,1,3,5,6,7,8,9,9,6,8,1,0,0,0,0,0,0
"RN_SYUMBO",0,0,0,0,0,0,0,0,0,0,0,0,2,2,0,0,0,0,0,0,0,0,0,0
"RN_TASAJER2",0,0,0,0,0,0,0,1,2,3,3,3,3,3,3,2,0,0,0,0,0,0,0,0
"RN_TIERRALI",0,0,0,0,0,0,1,2,4,6,8,9,9,9,8,7,4,2,1,0,0,0,0,0
"RN_TRINAVA2",0,0,0,0,0,10,10,10,13,14,14,13,12,11,10,10,10,0,0,0,0,0,0,0
"RN_TRINAVA3",0,0,0,0,0,10,10,10,13,14,14,13,12,11,10,10,10,0,0,0,0,0,0,0
"RN_TRINAVAT",0,0,0,0,0,10,10,10,13,14,14,13,12,11,10,10,10,0,0,0,0,0,0,0
"RN_URUACO",0,0,0,0,0,0,0,1,1,1,1,1,1,1,1,1,1,0,0,0,0,0,0,0
"RN_VERSAL",0,0,0,0,0,0,1,6,9,9,9,9,9,9,8,6,4,0,0,0,0,0,0,0
"RN_VICTORY1",0,0,0,0,0,0,0,2,5,5,11,13,13,18,17,12,5,2,0,0,0,0,0,0
"RN_VICTORY2",0,0,0,0,0,0,0,2,5,5,12,13,14,16,16,12,5,1,0,0,0,0,0,0
"RPIEDRAS",6,6,6,6,6,6,6,6,6,6,6,6,6,6,6,6,6,6,6,6,6,6,4,4
"SALTO II",0,0,0,0,0,0,0,0,0,0,0,0,0,0,0,0,0,0,0,0,0,0,0,0
"SALVAJINA",70,70,70,70,70,70,95,95,95,95,95,95,95,95,95,95,95,95,190,190,190,95,95,70
"SANCARLOS",1240,1240,1240,1240,1240,1240,1240,1240,1240,1240,1240,1240,1240,1240,1240,1240,1240,1240,1240,1240,1240,1240,1240,1240
"SANFRANCISCO",0,0,0,0,0,0,0,45,45,45,45,45,45,0,0,0,0,0,45,45,45,45,45,0
"SANMIGUEL",30,30,30,30,30,30,30,30,30,30,30,30,30,40,40,50,50,50,50,50,50,50,50,50
"SOGAMOSO",386,386,386,386,386,386,386,386,386,386,386,386,386,386,386,386,386,386,386,390,390,386,386,386
"TASAJER1",88,68,68,68,88,145,145,145,165,165,165,165,165,165,165,165,165,165,165,165,165,165,165,165
"TASAJERO2",137,104,69,82,101,101,101,135,170,170,170,170,170,170,170,170,170,170,170,170,170,170,170,170
"TCANDELCC",330,124,0,0,0,0,0,0,0,37,130,311,330,512,555,555,555,555,330,250,358,540,555,499
"TCARIBE3",42,42,42,42,42,42,42,42,42,42,42,42,42,42,42,42,42,42,42,42,42,42,42,42
"TCENTRO1",0,0,0,0,0,0,0,0,0,0,0,0,0,0,0,0,0,0,0,0,0,0,0,0
"TEBSA",0,0,0,0,0,0,0,0,0,0,0,0,0,0,0,0,0,0,0,0,0,0,0,0
"TEMCALI",0,0,0,0,0,0,0,0,0,0,0,0,0,0,0,0,0,0,0,0,0,0,0,0
"TERMONORTE",62,62,62,62,62,62,62,62,62,62,62,62,62,62,62,62,62,62,62,62,62,62,62,62
"TESORITO",0,0,0,0,0,0,53,53,71,181,181,181,181,200,200,200,200,200,200,200,200,100,100,0
"TPIEDRAS",4,4,4,4,4,4,4,4,4,4,4,4,4,4,4,4,4,4,4,4,4,4,4,4
"TSIERRA",0,0,0,0,0,0,0,0,0,0,0,0,0,0,0,0,0,0,0,0,0,0,0,0
"TVALLE",70,0,0,0,0,0,0,0,0,0,0,0,0,0,0,0,0,0,0,0,0,0,0,0
"TYOPAL1",8,8,8,8,8,8,8,8,8,8,8,8,8,8,8,8,8,8,8,8,8,8,8,8
"TYOPAL2",28,28,28,28,28,28,28,27,27,27,27,27,27,27,27,27,27,27,28,28,28,28,28,28
"TYOPAL3",0,0,0,0,0,0,0,0,0,0,0,0,0,0,0,0,0,0,0,0,0,0,0,0
"TYOPAL4",48,48,48,48,48,48,48,48,48,48,48,48,48,48,48,48,48,48,48,48,48,48,48,48
"TYOPAL5",0,0,0,0,0,0,0,0,0,0,0,0,0,0,0,0,0,0,0,0,0,0,0,0
"URRA",54,54,54,54,54,54,54,54,54,54,78,78,78,78,78,78,54,54,54,54,54,54,54,54
"ZIPAEMG2",26,26,26,26,26,27,27,27,27,27,27,27,27,27,27,27,27,27,27,27,27,27,27,17
"ZIPAEMG3",56,56,56,56,56,56,56,56,56,56,56,56,56,56,56,56,56,56,56,56,56,56,56,56
"ZIPAEMG4",0,0,0,0,0,0,0,0,0,0,0,0,0,8,14,31,49,63,63,63,63,63,63,63
"ZIPAEMG5",56,54,52,50,48,58,58,58,58,58,58,58,58,58,58,58,58,58,58,58,58,58,58,58
"Total",8336,8068,7888,7789,7938,8372,8522,8879,9249,9554,9880,10196,10176,10264,10455,10495,10317,10066,10949,11077,10913,9976,9362,8810
