"AG_ARGOSCTG",0,0,0,0,0,0,0,0,0,0,0,0,0,0,0,0,0,0,0,0,0,0,0,0
"AG_ARGOSSOG",4,4,4,4,4,4,7,7,7,7,7,7,7,7,7,7,7,7,7,7,4,4,4,4
"AG_ARGOSYUM",4,4,4,4,4,4,4,1,0,0,0,0,0,0,0,0,0,0,0,0,0,0,0,0
"AG_AYURA",11,11,11,11,11,11,11,11,11,11,11,11,11,11,11,11,11,11,11,11,11,11,11,11
"AG_BUGAGRAS",0,0,0,0,0,0,0,0,0,0,1,2,1,2,0,0,0,0,0,0,0,0,0,0
"AG_BUGASOLL",0,0,0,0,0,0,0,0,0,0,0,0,0,0,0,0,0,0,0,0,0,0,0,0
"AG_CARMELITA",1,1,1,1,1,1,1,1,1,1,1,1,1,1,1,1,1,1,1,1,1,1,1,1
"AG_COCACOLA",0,0,0,0,0,0,0,0,0,0,0,0,0,0,0,0,0,0,0,0,0,0,0,0
"AG_COSTAYAC",1,1,1,1,1,1,1,1,1,1,1,1,1,1,1,1,1,1,1,1,1,1,1,1
"AG_ECHORMIG",0,0,0,0,0,0,0,0,0,0,0,0,0,0,0,0,0,0,0,0,0,0,0,0
"AG_ELCAIRO",6,6,6,6,6,6,6,6,6,6,6,6,6,6,6,6,6,6,6,6,6,6,6,6
"AG_GRANCOL",0,0,0,0,0,0,0,0,0,0,0,0,0,0,0,0,0,0,0,0,0,0,0,0
"AG_INGMLUISA",0,0,0,0,0,0,0,0,0,0,0,0,0,0,0,0,0,0,0,0,0,0,0,0
"AG_ORITO",1,1,1,1,1,1,1,1,1,1,1,1,1,1,1,1,1,1,1,1,1,1,1,1
"AG_PAL3ZF",0,0,0,0,0,0,0,0,0,0,0,0,0,0,0,0,0,0,0,0,0,0,0,0
"AG_PCORDII",0,0,0,0,0,0,0,2,6,9,9,9,9,9,9,8,6,1,0,0,0,0,0,0
"AG_PTARBELLO",0,0,0,0,0,0,0,0,0,0,0,0,0,0,0,0,0,0,0,0,0,0,0,0
"AG_REFICAR",8,8,8,8,8,8,8,8,8,8,8,8,8,8,8,8,8,8,8,8,8,8,8,8
"AG_TERTAME",0,0,0,0,0,0,0,0,0,0,0,0,0,0,0,0,0,0,0,0,0,0,0,0
"AG_TURGAS",4,4,4,4,4,4,4,4,4,4,4,4,4,4,4,4,4,4,4,4,4,4,4,4
"AG_YAGUARI",0,0,0,0,0,0,0,0,0,0,0,0,0,0,0,0,0,0,0,0,0,0,0,0
"ALBAN",141,141,141,141,141,141,141,141,141,141,141,389,337,412,412,412,412,412,412,412,412,412,412,141
"ALTOTULUA",0,0,0,0,0,0,0,0,0,0,0,0,0,0,0,0,0,0,0,0,0,0,0,0
"AMOYA",0,0,0,0,0,75,75,75,75,75,75,75,75,75,75,75,75,75,75,75,75,75,75,75
"AR_CIJEANS",0,0,0,0,0,0,0,0,0,0,1,1,0,0,0,0,0,0,0,0,0,0,0,0
"AR_COLOMCAU",0,0,0,0,0,0,0,0,0,0,0,0,0,0,0,0,0,0,0,0,0,0,0,0
"AR_HARINAS",0,0,0,0,0,0,0,0,0,0,1,1,0,0,0,0,0,0,0,0,0,0,0,0
"AR_LEVAPAN",0,0,0,0,0,0,0,0,0,0,2,2,1,1,0,0,0,0,0,0,0,0,0,0
"AR_PINTUCO",0,0,0,0,0,0,0,0,0,0,0,0,0,0,0,0,0,0,0,0,0,0,0,0
"BAJOTULUA",2,4,4,2,0,2,2,2,0,2,2,2,2,2,2,2,0,2,2,4,4,4,4,4
"BARRANQ3",0,0,0,0,0,0,0,0,0,0,0,0,0,0,0,0,0,0,0,0,0,0,0,0
"BARRANQ4",0,0,0,0,0,0,0,0,0,0,0,0,0,0,0,0,0,0,0,0,0,0,0,0
"BETANIA",60,60,60,60,60,60,60,60,60,60,60,60,60,60,60,60,60,60,60,60,60,60,60,60
"CALIMA1",0,0,0,0,0,0,0,0,0,0,0,0,0,0,0,0,0,0,0,0,0,0,0,0
"CHIVOR",435,450,450,450,450,450,450,450,450,540,540,540,540,540,540,540,540,540,435,450,450,450,435,442
"CMANUELITA2",6,7,7,7,7,8,7,5,5,5,5,5,5,5,5,6,7,7,8,8,8,5,5,3
"CMAYAGUEZ",15,13,14,14,13,15,10,12,15,12,13,11,13,11,14,16,16,15,13,16,14,17,17,16
"COBIOENERGY",15,15,15,15,15,15,15,15,15,15,15,15,15,15,15,15,15,15,15,15,15,15,15,15
"COINCAUCA",21,21,21,21,21,21,21,21,21,21,21,21,21,21,21,21,21,21,21,21,21,21,21,21
"CORISARAL",15,15,15,15,15,15,15,15,15,15,15,15,15,15,15,15,15,15,15,15,15,15,15,15
"CPROENCA2",17,17,17,17,17,17,17,17,17,17,17,17,17,17,17,17,17,17,17,17,17,17,17,17
"CPROVIDEN",12,12,12,12,12,12,12,12,12,12,12,12,12,12,12,12,12,12,12,12,12,12,12,12
"CRIOPAILA",0,0,0,0,0,0,0,0,0,0,0,0,0,0,0,0,0,0,0,0,0,0,0,0
"CSANCARLOS",0,0,0,0,0,1,1,1,0,0,1,1,1,0,0,0,0,1,1,1,1,1,1,1
"CTGEMG1",0,0,0,0,0,0,0,0,0,0,0,0,0,0,0,0,0,0,0,0,0,0,0,0
"CTGEMG2",0,0,0,0,0,0,0,0,0,0,0,0,0,0,0,0,0,0,0,0,0,0,0,0
"CTGEMG3",0,0,0,0,0,0,0,0,0,0,0,0,0,0,0,0,0,0,0,0,0,0,0,0
"CUCUANA",0,0,56,56,56,56,56,56,56,56,56,56,56,56,56,56,56,56,56,56,56,56,56,56
"C_CASTILLA",3,3,3,3,3,3,3,3,3,3,3,3,3,3,3,3,3,3,3,3,3,3,3,3
"C_LLERAS",78,78,78,78,78,78,78,78,78,78,78,78,78,78,78,78,78,78,78,78,78,78,78,78
"DARIOVS",0,0,99,99,99,99,99,99,99,99,99,99,99,99,99,99,99,99,99,99,99,99,99,99
"DORADA1",0,0,0,0,0,0,0,0,0,0,0,0,0,0,0,0,0,0,0,0,0,0,0,0
"ECUADOR11",0,0,0,0,0,0,0,0,0,0,0,0,0,0,0,0,0,0,0,0,0,0,0,0
"ECUADOR12",0,0,0,0,0,0,0,0,0,0,0,0,0,0,0,0,0,0,0,0,0,0,0,0
"ECUADOR13",0,0,0,0,0,0,0,0,0,0,0,0,0,0,0,0,0,0,0,0,0,0,0,0
"ECUADOR14",0,0,0,0,0,0,0,0,0,0,0,0,0,0,0,0,0,0,0,0,0,0,0,0
"ECUADOR21",0,0,0,0,0,0,0,0,0,0,0,0,0,0,0,0,0,0,0,0,0,0,0,0
"ECUADOR210",0,0,0,0,0,0,0,0,0,0,0,0,0,0,0,0,0,0,0,0,0,0,0,0
"ECUADOR22",0,0,0,0,0,0,0,0,0,0,0,0,0,0,0,0,0,0,0,0,0,0,0,0
"ECUADOR23",0,0,0,0,0,0,0,0,0,0,0,0,0,0,0,0,0,0,0,0,0,0,0,0
"ECUADOR24",0,0,0,0,0,0,0,0,0,0,0,0,0,0,0,0,0,0,0,0,0,0,0,0
"ECUADOR25",0,0,0,0,0,0,0,0,0,0,0,0,0,0,0,0,0,0,0,0,0,0,0,0
"ECUADOR26",0,0,0,0,0,0,0,0,0,0,0,0,0,0,0,0,0,0,0,0,0,0,0,0
"ECUADOR27",0,0,0,0,0,0,0,0,0,0,0,0,0,0,0,0,0,0,0,0,0,0,0,0
"ECUADOR28",0,0,0,0,0,0,0,0,0,0,0,0,0,0,0,0,0,0,0,0,0,0,0,0
"ECUADOR29",0,0,0,0,0,0,0,0,0,0,0,0,0,0,0,0,0,0,0,0,0,0,0,0
"ELQUIMBO",75,75,75,75,75,75,75,275,275,275,275,275,275,275,275,275,275,275,151,256,109,75,75,75
"ESCUELAMINAS",55,55,55,55,55,55,55,55,55,55,55,55,55,55,55,55,55,55,55,55,55,55,55,55
"ESMERALDA",0,0,26,26,26,26,26,26,26,26,26,26,26,26,26,26,26,26,26,26,26,26,26,26
"FLORES IV",385,295,235,220,220,300,370,420,445,445,445,445,445,445,445,445,445,445,445,445,445,445,445,445
"FLORES1",140,90,65,65,65,125,145,160,160,160,160,160,160,160,160,160,160,160,160,160,160,160,160,160
"FLORIDA2",0,0,0,0,0,0,0,0,6,6,6,6,6,6,6,6,18,18,18,18,18,0,0,0
"GD_COMSALV1",0,0,0,0,0,0,0,0,0,0,0,0,0,0,0,0,0,0,0,0,0,0,0,0
"GD_COMSALV2",0,0,0,0,0,0,0,0,0,0,0,0,0,0,0,0,0,0,0,0,0,0,0,0
"GECELCA3",0,0,0,0,0,0,0,0,0,0,0,0,0,0,0,0,0,0,0,0,0,0,0,0
"GECELCA32",270,270,270,270,270,270,270,270,270,270,270,270,270,270,270,270,270,270,270,270,270,270,270,270
"GUAJIR11",88,72,72,72,72,125,83,97,145,145,145,145,145,145,145,145,145,145,145,145,145,145,145,145
"GUAJIR21",83,72,72,72,72,72,72,72,109,125,140,140,140,140,140,140,140,140,140,140,140,140,140,140
"GUATAPE",560,560,560,560,560,560,560,490,490,490,490,490,490,490,490,490,490,560,560,560,560,560,560,560
"GUATRON",0,0,0,0,0,0,0,0,0,0,0,0,0,0,0,0,0,0,0,0,0,0,0,0
"GUAVIO",0,0,0,0,0,0,0,0,0,60,60,60,60,60,221,264,244,60,948,948,948,342,0,0
"INSULA",7,7,7,7,7,7,7,7,7,7,7,7,7,7,7,7,7,7,7,7,7,7,7,7
"ITUANGO",649,792,850,850,850,850,850,850,850,850,850,850,850,820,820,820,820,820,820,820,820,820,820,820
"JAGUAS",0,0,0,0,0,0,0,0,0,0,169,170,170,170,170,170,170,170,106,170,170,170,170,102
"LAFRISOLERA",0,0,0,0,0,0,0,0,0,0,0,0,0,0,0,0,0,0,0,0,0,0,0,0
"LAHERRADURA",10,10,10,10,10,10,10,10,10,10,10,10,10,10,10,10,10,10,10,10,10,10,10,10
"LATASAJERA",306,306,306,306,306,306,306,204,204,181,181,181,181,181,181,181,181,283,306,306,306,306,306,306
"MABEJORRAL",1,1,1,1,1,1,1,1,1,1,1,1,1,1,1,1,1,1,1,1,1,1,1,1
"MAGUAFRE",3,3,3,3,3,3,3,3,3,3,3,3,3,3,3,3,3,3,3,3,3,3,3,3
"MBARROSO1",8,8,8,8,8,8,8,8,8,8,8,8,8,8,8,8,8,8,8,8,8,8,8,8
"MBAYONA",1,1,1,1,1,1,1,1,1,1,1,1,1,1,1,1,1,1,1,1,1,1,1,1
"MBELLO",0,0,0,0,0,0,0,0,0,0,0,0,0,0,0,0,0,0,0,0,0,0,0,0
"MBELMONTE",2,2,2,2,2,2,2,2,2,2,2,2,2,2,2,2,2,2,2,2,2,2,2,2
"MB_TEQUENDA",0,0,0,0,0,0,0,0,0,0,0,0,0,0,0,0,0,0,0,0,0,0,0,0
"MCALDERAS",6,6,6,6,6,6,6,6,6,6,6,12,12,6,6,6,6,6,18,18,18,6,6,6
"MCAMPEST_EPM",0,0,0,0,0,0,0,0,0,0,0,0,0,0,0,0,0,0,0,0,0,0,0,0
"MCAMP_CALARC",1,1,1,1,1,1,1,1,1,1,1,1,1,1,1,1,1,1,1,1,1,1,1,1
"MCANTAYUS",2,2,2,2,2,2,1,1,1,1,1,1,2,2,2,2,2,2,2,1,1,2,1,1
"MCARACOLI",4,4,4,4,4,4,4,4,4,4,4,4,4,4,4,4,4,4,4,4,4,4,4,4
"MCARUQUIA",4,4,4,4,4,4,4,4,4,0,0,0,0,0,0,0,0,0,0,0,0,0,0,0
"MCASCADA1",1,1,1,1,1,1,1,1,1,1,1,1,1,1,1,1,1,1,1,1,1,1,1,1
"MCASCADA_EPM",2,2,2,2,2,2,2,2,2,2,2,2,2,2,2,2,2,2,2,2,2,2,2,2
"MCASCADGRD",1,1,1,1,1,1,1,1,1,1,1,1,1,1,1,1,1,1,1,1,1,1,1,1
"MCAUYA",0,0,0,0,0,0,0,0,0,0,0,0,0,0,0,0,0,0,0,0,0,0,0,0
"MCEMENTNARE",7,7,7,7,7,7,6,6,4,4,4,4,4,4,4,4,6,6,6,6,6,6,7,7
"MCHARQUITO",0,0,0,0,0,0,0,0,0,0,0,0,0,0,0,0,0,0,0,0,0,0,0,0
"MCOCONUCO",3,3,3,3,3,3,3,3,3,3,3,3,3,3,2,2,2,2,3,3,3,3,3,3
"MCOCUYO",0,0,0,0,0,0,0,0,0,0,0,0,0,0,0,0,0,0,0,0,0,0,0,0
"MCOELLO",1,1,1,1,1,1,1,1,1,1,1,1,1,1,1,1,1,1,1,1,1,1,1,1
"MCURRUCU",0,0,0,0,0,0,0,0,0,0,0,0,0,0,0,0,0,0,0,0,0,0,0,0
"MDONAJUANA",0,0,0,0,0,0,0,0,0,0,0,0,0,0,0,0,0,0,0,0,0,0,0,0
"MELBOSQUE",2,2,2,2,2,2,2,2,2,2,2,2,2,2,2,2,2,2,2,2,2,2,2,2
"MELPOPAL",16,16,14,12,8,8,14,16,18,18,18,18,18,18,14,14,18,18,16,16,16,16,18,18
"MERILEC1",0,0,0,0,0,0,0,0,0,0,0,0,0,0,0,0,0,0,0,0,0,0,0,0
"MGUACAICA",1,1,1,1,1,1,1,1,1,1,1,1,1,1,1,1,1,1,1,1,1,1,1,1
"MGUANAQUITA",4,4,4,4,4,4,4,4,4,0,0,0,0,0,0,0,0,0,0,0,0,0,0,0
"MGUAVIO",5,5,5,5,5,5,5,5,5,5,5,5,5,5,5,5,5,5,5,5,5,5,5,5
"MHBARRANCAS",3,3,3,3,3,3,3,3,3,3,3,3,3,3,3,3,3,3,3,3,3,3,3,3
"MIEL1",32,32,32,32,32,32,32,32,32,32,32,32,32,32,32,32,32,32,32,32,32,32,32,32
"MJEPIRAC",0,0,0,0,0,0,0,0,0,0,0,0,0,0,0,0,0,0,0,0,0,0,0,0
"MJUANGAR",1,1,1,1,1,1,1,1,1,1,1,1,1,1,1,1,1,1,1,1,1,1,1,1
"MJULIOBRAVO",0,0,0,0,0,0,0,0,0,0,0,0,0,0,0,0,0,0,0,0,0,0,0,0
"MLACHORRERA",4,4,4,4,4,4,4,4,4,4,4,4,4,4,4,4,4,4,4,4,4,4,4,4
"MLAGUNETA",0,0,0,0,0,0,0,0,0,0,0,0,0,0,0,0,0,0,0,0,0,0,0,0
"MLANAVETA",3,3,3,3,3,3,3,3,3,3,3,3,3,3,3,3,3,3,3,3,3,3,3,3
"MLAPITA",1,1,1,1,1,1,1,1,1,1,1,1,1,1,1,1,1,1,1,1,1,1,1,1
"MLAREBUSCA",1,1,1,1,1,1,1,1,1,1,1,1,1,1,1,1,1,1,1,1,1,1,1,1
"MLASPALMAS",1,1,1,1,1,1,1,1,1,1,1,1,1,1,1,1,1,1,1,1,1,1,1,1
"MLAVUELTA",5,5,5,5,5,5,5,5,5,5,5,5,5,5,5,5,5,5,5,5,5,5,5,5
"MLIBERTAD",0,0,0,0,0,0,0,0,0,0,0,0,0,0,0,0,0,0,0,0,0,0,0,0
"MLIMONAR",0,0,0,0,0,0,0,0,0,0,0,0,0,0,0,0,0,0,0,0,0,0,0,0
"MLUZMA1",9,9,9,9,9,9,9,9,9,9,9,9,9,9,9,9,9,9,9,9,9,9,9,9
"MLUZMA2",9,9,9,9,9,9,9,9,9,9,9,9,9,9,9,9,9,9,9,9,9,9,9,9
"MMAGALLO",2,2,2,2,2,2,2,2,2,2,2,2,2,2,2,2,2,2,2,2,2,2,2,2
"MMONTAÑITAS",10,10,8,8,8,8,8,8,8,8,8,8,8,8,8,8,8,8,8,8,8,8,8,8
"MMULATOSII",1,1,1,1,1,1,1,1,1,1,1,1,1,1,1,1,1,1,1,1,1,1,1,1
"MNIMA",1,1,1,1,1,1,1,1,1,1,1,1,1,1,1,1,0,1,1,1,1,1,1,1
"MNIQUIA",0,0,0,0,0,0,0,0,0,0,0,0,0,0,0,0,0,0,0,0,0,0,0,0
"MNLIBARE",1,1,1,1,1,1,1,1,1,1,1,1,1,1,1,1,1,1,1,1,1,1,1,1
"MNUTIBARA",0,0,0,0,0,0,0,0,0,0,0,0,0,0,0,0,0,0,0,0,0,0,0,0
"MPAJARITO",2,2,2,2,2,2,2,2,2,2,2,2,2,2,2,2,2,2,2,2,2,2,2,2
"MPALMAS_SGIL",7,7,7,7,7,7,7,7,7,7,7,7,7,7,7,7,7,7,7,7,7,7,7,7
"MPASTALES",0,0,0,0,0,0,0,0,0,0,0,0,0,0,0,0,0,0,0,0,0,0,0,0
"MPATICOLACAB",0,0,0,0,0,0,0,0,0,0,0,0,0,0,0,0,0,0,0,0,0,0,0,0
"MPOCUNE",1,1,1,1,1,1,1,1,1,1,1,1,1,1,1,1,1,1,1,1,1,1,1,1
"MPORCEIII",2,2,2,2,2,2,2,2,2,2,2,2,2,2,2,2,2,2,2,2,2,2,2,2
"MPRADO4",5,5,5,5,5,5,5,5,5,5,5,5,5,5,5,5,5,5,5,5,5,5,5,5
"MPROENCA2",8,8,8,8,8,8,8,8,8,8,8,8,8,8,8,8,8,8,8,8,8,8,8,8
"MPROVIDEN",5,5,5,5,5,5,5,5,5,5,5,5,5,5,5,5,5,5,5,5,5,5,5,5
"MPTE_GUILL",1,1,1,1,1,1,1,1,1,1,1,1,1,1,1,1,1,1,1,1,1,1,1,1
"MREMEDIOS",1,1,1,1,1,1,1,1,1,1,1,1,1,1,1,1,1,1,1,1,1,1,1,1
"MRFRIOTAMES",1,1,1,1,1,1,1,1,1,1,1,1,1,1,1,1,1,1,1,1,1,1,1,1
"MRIOBOBO",1,1,1,1,1,1,1,1,1,1,1,1,1,1,1,1,1,1,1,1,1,1,1,1
"MRIOFRIO1",1,1,1,1,1,1,1,1,1,1,1,1,1,1,1,1,1,1,1,1,1,1,1,1
"MRIOGRANDE",0,0,0,0,0,0,0,0,0,0,0,0,0,0,0,0,0,0,0,0,0,0,0,0
"MRIOGRANDE1",0,0,0,0,0,0,0,0,0,0,0,0,0,0,0,0,0,0,0,0,0,0,0,0
"MRIOMAYO",7,7,7,13,13,13,13,19,20,20,20,18,0,0,0,0,6,19,20,20,20,19,7,7
"MRIONEGRO",7,7,7,7,7,7,7,7,7,7,7,7,7,7,7,7,7,7,7,7,7,7,7,7
"MRIOPALO",1,1,1,1,1,1,1,1,1,1,1,1,1,1,1,1,1,1,1,1,1,1,1,1
"MRIORECIO",1,1,1,1,1,1,1,1,1,1,1,1,1,1,1,1,1,1,1,1,1,1,1,1
"MRIOSAPUYES",1,1,1,1,1,1,1,1,1,1,1,1,1,1,1,1,1,1,1,1,1,1,1,1
"MRIO_CALI",0,0,0,0,0,0,0,0,0,0,0,0,0,0,0,0,0,0,0,0,0,0,0,0
"MRUMOR",1,1,1,1,1,1,1,1,1,1,1,1,1,1,1,1,1,1,1,1,1,0,1,0
"MSAJANDI",3,3,3,3,3,3,3,3,3,3,3,3,3,3,3,3,3,3,3,3,3,3,3,3
"MSANCANCIO",1,1,1,1,1,1,1,1,1,1,1,1,1,1,1,1,1,1,1,1,1,1,1,1
"MSANFRANCISC",0,0,0,0,0,0,0,0,0,0,0,0,0,0,0,0,0,0,0,0,0,0,0,0
"MSANJOSE",0,0,0,0,0,0,0,0,0,0,0,0,0,0,0,0,0,0,0,0,0,0,0,0
"MSANTANA",3,3,3,3,3,3,3,3,3,3,3,3,3,3,3,3,3,3,3,3,3,3,3,3
"MSANTARITA",0,0,0,0,0,0,0,0,0,0,0,0,0,0,0,0,0,0,0,0,0,0,0,0
"MSANTIAGO",1,1,1,1,1,1,1,1,1,1,1,1,1,1,1,1,1,1,1,1,1,1,1,1
"MSBARTOLOME",15,15,16,14,14,14,14,14,13,13,13,10,10,10,10,10,9,9,8,8,8,8,8,8
"MSILVIA",0,0,0,0,0,0,0,0,0,0,0,0,0,0,0,0,0,0,0,0,0,0,0,0
"MSNANDRESC",8,8,8,8,6,8,8,8,10,8,4,6,8,6,8,8,6,4,8,12,16,18,18,18
"MSNJOSE_MN2",0,0,0,0,0,0,0,0,0,0,0,0,0,0,0,0,0,0,0,0,0,0,0,0
"MSNJOSE_MONT",0,0,0,0,0,0,0,0,0,0,0,0,0,0,0,0,0,0,0,0,0,0,0,0
"MSNMATIAS",12,12,12,12,12,12,12,12,12,12,12,12,12,12,12,12,12,12,12,12,12,12,12,12
"MSONSON",0,0,0,0,0,0,0,0,0,0,0,0,0,0,0,0,0,0,0,0,0,0,0,0
"MSUBA1",1,1,1,1,1,1,1,1,1,1,1,1,1,1,1,1,1,1,1,1,1,1,1,1
"MSUEVA",2,2,2,2,2,2,2,2,2,2,2,2,2,2,2,2,2,2,2,2,2,2,2,6
"MTBOLIVAR",2,2,2,2,2,2,2,2,2,2,2,2,2,2,2,2,2,2,2,2,2,2,2,2
"MTCAPACHOS",0,0,0,0,0,0,0,0,0,0,0,0,0,0,0,0,0,0,0,0,0,0,0,0
"MTEQUEND1",0,0,0,0,0,0,0,0,0,0,0,0,0,0,0,0,0,0,0,0,0,0,0,0
"MTEQUEND2",0,0,0,0,0,0,0,0,0,0,0,0,0,0,0,0,0,0,0,0,0,0,0,0
"MTEQUEND3",0,0,0,0,0,0,0,0,0,0,0,0,0,0,0,0,0,0,0,0,0,0,0,0
"MTEQUEND4",0,0,0,0,0,0,0,0,0,0,0,0,0,0,0,0,0,0,0,0,0,0,0,0
"MTMECHERO4",11,11,11,11,11,11,11,11,11,11,11,11,11,11,11,11,11,11,11,11,11,11,11,11
"MTMECHERO5",19,19,19,19,19,19,19,19,19,19,19,19,19,19,19,19,19,19,19,19,19,19,19,19
"MTMECHERO6",19,19,19,19,19,19,19,19,19,19,19,19,19,19,19,19,19,19,19,19,19,19,19,19
"MTUNJITA",0,0,0,0,0,0,0,0,0,0,0,0,0,0,0,0,0,0,0,0,0,0,0,0
"MUSAQUEN1",1,1,1,1,1,1,1,1,1,1,1,1,1,1,1,1,1,1,1,1,1,1,1,1
"MVENTANA_A",1,1,1,1,1,1,1,1,1,1,1,1,1,1,1,1,1,1,1,1,1,1,1,1
"MVENTANA_B",0,0,0,0,0,0,0,0,0,0,0,0,0,0,0,0,0,0,0,0,0,0,0,0
"MVIOLETAS",0,0,0,0,0,0,0,0,0,0,0,0,0,0,0,0,0,0,0,0,0,0,0,0
"MZEUS",3,3,3,3,3,3,3,3,3,3,3,3,3,3,3,3,3,3,3,3,3,3,3,3
"M_ALEJANDRIA",13,13,13,13,13,13,13,13,13,13,13,13,13,13,13,13,13,13,13,13,13,13,13,13
"M_AMAIME",1,1,1,1,1,1,2,2,2,2,2,2,2,2,2,2,2,2,3,2,0,0,0,0
"M_AMALFI",0,0,0,0,0,0,0,0,0,0,0,0,0,0,0,0,0,0,0,0,0,0,0,0
"M_AMERICA",0,0,0,0,0,0,0,0,0,0,0,0,0,0,0,0,0,0,0,0,0,0,0,0
"M_ASNAZU",0,0,0,0,0,0,0,0,0,0,0,0,0,0,0,0,0,0,0,0,0,0,0,0
"M_AURESBAJO",7,7,7,7,7,7,7,7,7,7,7,7,7,7,7,7,7,7,7,7,7,7,7,7
"M_ELEDEN",1,1,1,1,1,1,1,1,1,2,2,2,2,2,2,2,2,5,5,5,5,2,2,2
"M_ELMOLINO",12,12,12,12,12,12,12,12,12,12,12,12,12,12,12,12,12,12,12,12,12,12,12,12
"M_INTERMEDIA",0,0,0,0,0,0,0,0,0,0,0,0,0,0,0,0,0,0,0,0,0,0,0,0
"M_INZA",0,0,0,0,0,0,0,0,0,0,0,0,0,0,0,0,0,0,0,0,0,0,0,0
"M_IQUIRA1",1,1,1,1,1,1,1,1,1,1,1,1,1,1,1,1,1,1,1,1,1,1,1,1
"M_IQUIRA2",1,1,1,1,1,1,1,1,1,1,1,1,1,1,1,1,1,1,1,1,1,1,1,1
"M_MANANTIAL",0,0,0,0,0,0,0,0,0,0,0,0,0,0,0,0,0,0,0,0,0,0,0,0
"M_MIROLINDO",1,1,1,1,1,1,1,1,1,1,1,1,1,1,1,1,1,1,1,1,1,1,1,1
"M_MONDOMO",0,0,0,0,0,0,0,0,0,0,0,0,0,0,0,0,0,0,0,0,0,0,0,0
"M_MORROAZUL",8,8,8,8,8,8,8,8,8,8,8,8,8,8,8,8,8,8,8,8,8,8,8,8
"M_MUNICIPAL",1,1,1,1,1,1,1,1,1,1,1,1,1,1,1,1,1,1,1,1,1,1,1,1
"M_OIBITA",15,16,16,14,14,14,14,14,13,13,13,10,10,10,10,10,9,9,8,8,8,8,8,8
"M_OVEJAS",1,1,1,1,1,1,1,1,1,1,1,1,1,1,1,1,1,1,1,1,1,1,1,1
"M_UNION",1,1,1,1,1,1,1,1,1,1,1,1,1,1,1,1,1,1,1,1,1,1,1,0
"M_URRAO",1,1,1,1,1,1,1,1,1,1,1,1,1,1,1,1,1,1,1,1,1,1,1,1
"PAGUA",600,600,600,600,600,600,600,600,600,600,600,600,600,600,600,600,600,600,600,600,600,600,600,600
"PAIPA1",26,24,22,20,21,28,28,28,28,28,28,28,28,28,28,28,28,28,28,28,28,28,28,28
"PAIPA2",59,54,49,44,44,64,64,64,64,64,64,64,64,64,64,64,64,64,64,64,64,64,64,64
"PAIPA3",62,62,62,62,62,62,62,62,62,62,62,62,62,62,62,62,62,62,62,62,62,62,62,62
"PAIPA4",133,101,68,51,94,132,165,165,165,165,165,165,165,165,165,165,165,165,165,165,165,165,165,165
"PLAYAS",207,207,207,207,207,207,207,207,207,207,207,207,207,207,207,207,207,207,207,207,207,207,207,207
"PORCE2",0,0,0,0,0,0,0,0,0,0,0,0,0,0,0,0,0,0,0,0,0,0,0,0
"PORCE3",631,680,680,680,680,680,680,680,680,613,613,613,613,613,613,613,613,613,680,680,680,680,634,662
"PRADO",0,0,0,0,0,0,0,0,0,0,0,0,0,0,0,0,0,0,0,0,0,0,0,0
"PROELECT",42,42,42,42,42,42,42,42,45,45,45,45,45,45,45,45,45,45,45,45,45,45,45,45
"RIOFRIO2",3,3,3,3,3,3,3,3,3,3,2,3,2,2,2,2,2,2,2,2,2,2,2,2
"RN_ARENAL",0,0,0,0,0,0,0,1,1,1,1,2,2,2,1,1,1,0,0,0,0,0,0,0
"RN_AURORA",0,0,0,0,0,0,0,2,3,5,6,6,7,6,5,4,2,0,0,0,0,0,0,0
"RN_BOSLLAN4",0,0,0,0,0,0,4,7,11,15,17,17,16,16,12,6,0,0,0,0,0,0,0,0
"RN_BOSLLAN5",0,0,0,0,0,2,3,8,9,12,14,15,14,13,10,5,2,0,0,0,0,0,0,0
"RN_CABALLER",0,0,0,0,0,0,0,0,1,3,3,5,7,5,4,1,1,0,0,0,0,0,0,0
"RN_CAICIENA",0,0,0,0,0,0,1,6,9,9,9,9,9,9,8,7,4,0,0,0,0,0,0,0
"RN_CARACOLI",0,0,0,0,0,1,9,20,24,31,34,35,34,31,24,20,9,1,0,0,0,0,0,0
"RN_CELSOLBOL",0,0,0,0,0,0,0,0,2,4,2,3,3,4,5,2,2,0,0,0,0,0,0,0
"RN_CELSOLPAI",0,0,0,0,0,0,0,0,0,0,0,0,1,1,0,0,0,0,0,0,0,0,0,0
"RN_CERRITOS",0,0,0,0,0,0,0,0,1,5,6,6,7,7,4,1,1,0,0,0,0,0,0,0
"RN_DINAM",0,0,0,0,0,0,1,6,9,9,9,9,9,9,8,6,4,0,0,0,0,0,0,0
"RN_ELSALADO",0,0,0,0,0,0,0,0,0,0,0,0,0,0,0,0,0,0,0,0,0,0,0,0
"RN_EOLGUAJ",2,2,2,2,2,2,2,2,2,2,3,3,5,10,13,13,12,10,7,6,5,4,4,4
"RN_EWEPS01",3,2,2,2,2,2,2,2,2,2,2,2,4,6,7,8,7,7,6,5,4,4,3,3
"RN_FUNDAC",0,0,0,0,0,0,2,24,62,70,70,70,75,70,76,66,35,6,0,0,0,0,0,0
"RN_GIRASOL",0,0,0,0,0,1,3,6,8,9,10,10,9,8,6,3,1,0,0,0,0,0,0,0
"RN_GRBELMON",0,0,0,0,0,0,0,1,2,2,3,3,3,2,2,2,1,0,0,0,0,0,0,0
"RN_GUAMO",0,0,0,0,0,0,2,3,5,6,7,7,7,6,4,2,1,0,0,0,0,0,0,0
"RN_GUAYEPO",0,0,0,0,0,0,6,22,71,90,90,98,90,89,99,88,56,12,0,0,0,0,0,0
"RN_HELIOS1",0,0,0,0,0,0,3,7,10,8,12,9,15,13,10,5,2,0,0,0,0,0,0,0
"RN_LAHONDA1",0,0,0,0,0,0,1,2,4,6,8,9,9,9,4,7,4,2,1,0,0,0,0,0
"RN_LALOMA",0,0,0,0,0,0,8,61,101,112,117,118,116,110,100,86,56,8,0,0,0,0,0,0
"RN_LAMATA",0,0,0,0,0,0,1,6,16,21,23,24,23,21,20,15,11,2,0,0,0,0,0,0
"RN_LAMEDINA",0,0,0,0,0,0,0,0,1,3,3,5,6,5,4,1,1,0,0,0,0,0,0,0
"RN_LAMENA",0,0,0,0,0,0,1,5,8,9,9,9,9,9,8,6,4,0,0,0,0,0,0,0
"RN_LANCEROS",0,0,0,0,0,0,0,0,0,0,2,3,5,5,3,3,2,0,0,0,0,0,0,0
"RN_LASIERPE",0,0,0,0,0,0,1,2,2,10,16,17,19,19,19,14,14,4,1,0,0,0,0,0
"RN_LATOLUA",0,0,0,0,0,0,1,2,6,14,18,17,19,19,19,14,12,4,1,0,0,0,0,0
"RN_LAUNION",0,0,0,0,0,0,4,19,46,59,68,66,65,57,47,39,24,8,1,0,0,0,0,0
"RN_MONTELIB",0,0,0,0,0,0,0,0,1,2,2,3,5,8,4,2,0,0,0,0,0,0,0,0
"RN_NENERA",0,0,0,0,0,0,0,0,0,1,1,1,1,1,1,0,0,0,0,0,0,0,0,0
"RN_NUMBANA",0,0,0,0,0,0,2,4,5,7,8,8,7,6,5,3,1,0,0,0,0,0,0,0
"RN_PALMIRA3",0,0,0,0,0,0,0,0,0,0,0,0,1,0,0,0,0,0,0,0,0,0,0,0
"RN_PETALMGD",0,0,0,0,0,0,0,1,2,7,5,8,8,6,2,6,4,1,0,0,0,0,0,0
"RN_PLANETAR",0,0,0,0,0,0,0,0,2,8,10,12,13,5,2,1,2,0,0,0,0,0,0,0
"RN_PORTONSL",0,0,0,0,0,8,38,64,70,69,70,71,73,72,63,38,10,0,0,0,0,0,0,0
"RN_SBAYUNCA",0,0,0,0,0,0,1,2,2,2,2,2,2,2,1,1,0,0,0,0,0,0,0,0
"RN_SCARMELO",0,0,0,0,0,0,0,0,0,0,0,2,2,0,0,0,0,0,0,0,0,0,0,0
"RN_SDULIMA",0,0,0,0,0,0,0,0,1,1,3,3,8,9,7,4,5,1,0,0,0,0,0,0
"RN_SELPASO",0,0,0,0,0,0,3,26,44,44,43,46,50,47,45,49,33,5,0,0,0,0,0,0
"RN_SESPINAL",0,0,0,0,0,0,0,0,0,0,1,1,2,2,2,1,0,0,0,0,0,0,0,0
"RN_SFELIPE",0,0,0,0,0,0,0,0,1,3,3,6,7,5,4,1,1,0,0,0,0,0,0,0
"RN_SFLANDES",0,0,0,0,0,0,0,0,0,1,3,3,7,8,6,4,4,1,0,0,0,0,0,0
"RN_SINCE",0,0,0,0,0,0,0,1,4,10,15,15,8,13,10,5,1,0,0,0,0,0,0,0
"RN_STUCANES",0,0,0,0,0,0,0,1,3,5,4,6,5,6,6,6,3,0,0,0,0,0,0,0
"RN_SUNNORTE",0,0,0,0,0,0,0,35,35,35,35,35,35,35,35,35,35,0,0,0,0,0,0,0
"RN_SYUMA",0,0,0,0,0,0,0,0,0,0,1,1,3,4,3,2,2,0,0,0,0,0,0,0
"RN_SYUMBO",0,0,0,0,0,0,0,0,0,0,0,2,1,1,0,0,0,0,0,0,0,0,0,0
"RN_TASAJER2",0,0,0,0,0,0,0,1,2,3,3,3,3,3,3,2,0,0,0,0,0,0,0,0
"RN_TIERRALI",0,0,0,0,0,0,1,2,4,6,8,9,9,9,4,7,4,2,1,0,0,0,0,0
"RN_TRINAVA2",0,0,0,0,0,10,10,10,10,12,14,15,14,13,10,10,10,0,0,0,0,0,0,0
"RN_TRINAVA3",0,0,0,0,0,10,10,10,10,12,14,15,14,13,10,10,10,0,0,0,0,0,0,0
"RN_TRINAVAT",0,0,0,0,0,10,10,10,10,12,14,15,14,13,10,10,10,0,0,0,0,0,0,0
"RN_URUACO",0,0,0,0,0,0,0,1,1,1,1,1,1,1,1,1,1,0,0,0,0,0,0,0
"RN_VERSAL",0,0,0,0,0,0,1,6,9,9,9,9,9,9,8,6,4,0,0,0,0,0,0,0
"RN_VICTORY1",0,0,0,0,0,0,0,1,8,10,15,16,12,15,11,1,1,0,0,0,0,0,0,0
"RN_VICTORY2",0,0,0,0,0,0,0,2,8,10,16,14,11,15,10,1,1,0,0,0,0,0,0,0
"RPIEDRAS",4,4,6,4,4,4,4,4,4,4,4,4,4,4,4,4,4,4,4,4,4,4,4,4
"SALTO II",0,0,35,9,35,35,35,35,35,35,35,35,35,35,35,35,35,35,35,35,35,35,35,35
"SALVAJINA",70,70,70,70,70,70,95,95,95,95,95,95,95,95,95,95,95,95,190,190,190,95,95,70
"SANCARLOS",1240,1240,1240,1240,1240,1240,1240,1240,1240,1240,1240,1240,1240,1170,1170,1170,1170,1240,1240,1240,1240,1240,1240,1240
"SANFRANCISCO",0,0,0,0,0,0,0,45,45,45,45,45,45,45,45,45,45,45,45,45,45,45,0,0
"SANMIGUEL",47,47,47,47,47,47,47,47,47,47,47,47,47,47,47,47,47,47,47,47,47,47,47,47
"SOGAMOSO",120,120,120,120,120,120,120,120,120,120,120,120,121,266,411,534,534,515,516,534,534,457,282,120
"TASAJER1",88,68,88,88,165,165,165,165,165,165,165,165,165,165,165,165,165,165,165,165,165,165,165,165
"TASAJERO2",137,104,97,116,151,170,170,170,170,170,170,170,170,170,170,170,170,170,170,170,170,170,170,170
"TCANDELCC",0,0,0,0,0,0,0,0,0,0,0,0,0,0,0,0,0,0,0,0,0,0,0,0
"TCARIBE3",42,42,42,42,42,42,42,42,42,42,42,42,42,42,42,42,42,42,42,42,42,42,42,42
"TCENTRO1",0,0,0,0,0,0,0,0,0,0,0,0,0,0,0,0,0,0,0,0,0,0,0,0
"TEBSA",572,425,50,0,0,0,0,0,0,0,0,0,0,0,0,0,0,0,0,0,0,0,0,0
"TEMCALI",0,0,0,0,0,0,0,0,0,0,0,0,0,0,0,0,0,0,0,0,0,0,0,0
"TERMONORTE",62,62,62,62,62,62,62,88,88,88,88,88,88,88,88,88,88,88,88,62,62,62,62,62
"TESORITO",0,0,0,0,0,0,0,0,0,18,18,18,18,18,18,18,71,71,181,181,200,100,100,0
"TPIEDRAS",4,4,4,4,4,4,4,4,4,4,4,4,4,4,4,4,4,4,4,4,4,4,4,4
"TSIERRA",0,0,0,0,0,0,0,0,0,0,0,0,0,0,0,0,0,0,0,0,0,0,0,0
"TVALLE",70,0,0,0,0,0,0,0,84,177,239,239,239,239,239,239,239,239,239,239,239,239,239,239
"TYOPAL1",8,8,8,8,8,8,8,8,8,8,8,8,8,8,8,8,8,8,8,8,8,8,8,8
"TYOPAL2",28,28,28,28,28,28,28,27,27,27,27,27,27,27,27,27,27,27,28,28,28,28,28,28
"TYOPAL3",0,0,0,0,0,0,0,0,0,0,0,0,0,0,0,0,0,0,0,0,0,0,0,0
"TYOPAL4",47,47,47,47,47,47,47,47,47,46,46,46,46,46,46,46,46,46,46,46,46,46,46,46
"TYOPAL5",0,0,0,0,0,0,0,0,0,0,0,0,0,0,0,0,0,0,0,0,0,0,0,0
"URRA",54,54,54,54,54,54,54,54,54,54,54,54,54,54,54,54,54,54,54,54,54,54,54,54
"ZIPAEMG2",18,18,18,18,18,18,18,18,18,18,18,18,27,27,27,27,27,27,27,27,27,27,27,27
"ZIPAEMG3",0,0,0,0,0,0,0,0,0,0,0,0,0,0,0,0,0,0,0,0,0,0,0,0
"ZIPAEMG4",0,0,0,0,0,0,0,0,0,0,0,0,0,0,0,0,0,0,0,0,0,0,0,0
"ZIPAEMG5",56,54,52,50,48,58,58,58,58,58,58,58,58,58,58,58,58,58,58,58,58,58,58,58
"Total",8296,8024,7810,7709,7881,8293,8488,8927,9390,9712,10034,10318,10273,10350,10559,10571,10399,10117,10965,11143,11009,10063,9430,8837
