"AG_ARGOSCTG",0,0,0,0,0,0,0,0,0,0,0,0,0,0,0,0,0,0,0,0,0,0,0,0
"AG_ARGOSSOG",1,1,1,1,1,1,1,1,1,1,1,1,1,1,1,1,1,1,1,1,1,1,1,1
"AG_ARGOSYUM",0,0,0,0,0,0,0,0,0,0,0,0,0,0,0,0,0,0,0,0,0,0,0,0
"AG_AYURA",11,11,11,11,11,11,11,11,11,11,11,11,11,11,11,11,11,11,11,11,11,11,11,11
"AG_BUGAGRAS",0,0,0,0,0,0,0,0,1,1,1,1,0,1,0,1,0,0,0,0,0,0,0,0
"AG_BUGASOLL",0,0,0,0,0,0,0,0,0,0,0,0,0,0,0,0,0,0,0,0,0,0,0,0
"AG_CARMELITA",1,1,1,1,1,1,1,1,1,1,1,1,1,1,1,1,1,1,1,1,1,1,1,1
"AG_COCACOLA",0,0,0,0,0,0,0,0,0,0,0,0,0,0,0,0,0,0,0,0,0,0,0,0
"AG_COSTAYAC",1,1,1,1,1,1,1,1,1,1,1,1,1,1,1,1,1,1,1,1,1,1,1,1
"AG_ECHORMIG",0,0,0,0,0,0,0,0,0,0,0,0,0,0,0,0,0,0,0,0,0,0,0,0
"AG_ELCAIRO",5,5,5,5,5,5,5,5,5,5,5,5,5,5,5,5,5,5,5,5,5,5,5,5
"AG_GRANCOL",0,0,0,0,0,0,0,0,0,0,0,0,0,0,0,0,0,0,0,0,0,0,0,0
"AG_INGMLUISA",0,0,0,0,0,0,0,0,0,0,0,0,0,0,0,0,0,0,0,0,0,0,0,0
"AG_ORITO",1,1,1,1,1,1,1,1,1,1,1,1,1,1,1,1,1,1,1,1,1,1,1,1
"AG_PAL3ZF",0,0,0,0,0,0,0,0,0,0,0,0,0,0,0,0,0,0,0,0,0,0,0,0
"AG_PCORDII",0,0,0,0,0,0,0,2,6,9,9,9,9,9,9,8,6,1,0,0,0,0,0,0
"AG_PTARBELLO",0,0,0,1,1,1,1,0,0,0,0,0,0,0,0,0,0,0,0,0,0,0,0,0
"AG_REFICAR",8,8,8,8,8,8,8,8,8,8,8,8,8,8,8,8,8,8,8,8,8,8,8,8
"AG_TERTAME",1,1,1,1,1,1,1,1,1,1,1,1,1,1,1,1,1,1,1,1,1,1,1,1
"AG_TURGAS",4,4,4,4,4,4,4,4,4,4,4,4,4,4,4,4,4,4,4,4,4,4,4,4
"AG_YAGUARI",0,0,0,0,0,0,0,0,0,0,0,0,0,0,0,0,0,0,0,0,0,0,0,0
"ALBAN",8,8,8,8,8,8,8,43,43,43,136,192,200,196,235,240,205,8,388,50,50,8,8,8
"ALTOTULUA",0,0,0,0,0,0,0,0,0,0,0,0,0,0,0,0,0,0,0,0,0,0,0,0
"AMOYA",18,18,18,18,18,18,18,18,18,18,18,18,18,18,18,18,18,18,18,18,18,18,18,18
"AR_CIJEANS",0,0,0,0,0,0,0,0,0,0,1,1,0,0,0,0,0,0,0,0,0,0,0,0
"AR_COLOMCAU",0,0,0,0,0,0,0,0,0,0,0,0,0,0,0,0,0,0,0,0,0,0,0,0
"AR_HARINAS",0,0,0,0,0,0,0,0,0,1,1,1,1,1,1,0,0,0,0,0,0,0,0,0
"AR_LEVAPAN",0,0,0,0,0,0,0,0,0,2,3,3,3,2,1,0,0,0,0,0,0,0,0,0
"AR_PINTUCO",0,0,0,0,0,0,0,0,0,0,0,0,0,0,0,0,0,0,0,0,0,0,0,0
"BAJOTULUA",2,2,2,2,2,2,2,2,2,2,2,2,2,2,2,2,2,2,2,2,2,2,2,2
"BARRANQ3",0,0,0,0,0,0,0,0,0,0,0,0,0,0,0,0,0,0,0,0,0,0,0,0
"BARRANQ4",0,0,0,0,0,0,0,0,0,0,0,0,0,0,0,0,0,0,0,0,0,0,0,0
"BETANIA",60,60,60,60,60,60,60,60,60,60,60,60,60,60,60,60,60,60,60,60,60,60,60,60
"CALIMA1",0,0,0,0,0,0,0,0,0,0,0,0,0,0,0,0,0,0,0,0,0,0,0,0
"CHIVOR",623,687,741,687,687,687,687,687,687,687,687,687,687,687,687,687,687,687,508,575,575,687,626,661
"CMANUELITA2",8,8,9,8,7,8,7,6,5,4,6,7,7,7,6,6,7,8,8,8,9,8,9,9
"CMAYAGUEZ",15,15,16,16,16,16,17,17,16,16,16,15,14,15,14,13,14,14,14,15,13,13,15,13
"COBIOENERGY",15,15,15,15,15,15,15,15,15,15,15,15,15,15,15,15,15,15,15,15,15,15,15,15
"COINCAUCA",38,38,38,38,38,38,38,38,38,38,38,38,38,38,38,38,38,38,38,38,38,38,38,38
"CORISARAL",15,15,15,15,15,15,15,15,15,15,15,15,15,15,15,15,15,15,15,15,15,15,15,15
"CPROENCA2",17,17,17,17,17,17,17,17,17,17,17,17,17,17,17,17,17,17,17,17,17,17,17,17
"CPROVIDEN",13,13,13,13,13,13,13,13,13,13,13,13,13,13,13,13,13,13,13,13,13,13,13,13
"CRIOPAILA",16,16,16,16,16,16,16,16,16,16,16,16,16,16,16,16,16,16,16,16,16,16,16,16
"CSANCARLOS",0,1,1,1,1,1,0,1,1,1,0,1,1,1,1,1,1,1,1,1,1,1,1,1
"CTGEMG1",0,0,0,0,0,0,0,0,0,0,0,0,0,0,0,0,0,0,0,0,0,0,0,0
"CTGEMG2",0,0,0,0,0,0,0,0,0,0,0,0,0,0,0,0,0,0,0,0,0,0,0,0
"CTGEMG3",0,0,0,0,0,0,0,0,0,0,0,0,0,0,0,0,0,0,0,0,0,0,0,0
"CUCUANA",8,8,8,8,8,8,8,8,8,8,8,8,8,8,8,8,8,8,8,8,8,8,8,8
"C_CASTILLA",0,0,0,0,0,0,0,0,0,0,0,0,0,0,0,0,0,0,0,0,0,0,0,0
"C_LLERAS",55,55,55,55,55,55,55,55,55,55,55,55,55,55,55,55,55,55,55,55,55,55,55,55
"DARIOVS",0,0,0,0,0,0,0,0,0,0,0,0,0,0,0,0,0,0,25,0,0,0,0,0
"DORADA1",0,0,0,0,0,0,0,0,0,0,0,0,0,0,0,0,0,0,0,0,0,0,0,0
"ECUADOR11",0,0,0,0,0,0,0,0,0,0,0,0,0,0,0,0,0,0,0,0,0,0,0,0
"ECUADOR12",0,0,0,0,0,0,0,0,0,0,0,0,0,0,0,0,0,0,0,0,0,0,0,0
"ECUADOR13",0,0,0,0,0,0,0,0,0,0,0,0,0,0,0,0,0,0,0,0,0,0,0,0
"ECUADOR14",0,0,0,0,0,0,0,0,0,0,0,0,0,0,0,0,0,0,0,0,0,0,0,0
"ECUADOR21",0,0,0,0,0,0,0,0,0,0,0,0,0,0,0,0,0,0,0,0,0,0,0,0
"ECUADOR210",0,0,0,0,0,0,0,0,0,0,0,0,0,0,0,0,0,0,0,0,0,0,0,0
"ECUADOR22",0,0,0,0,0,0,0,0,0,0,0,0,0,0,0,0,0,0,0,0,0,0,0,0
"ECUADOR23",0,0,0,0,0,0,0,0,0,0,0,0,0,0,0,0,0,0,0,0,0,0,0,0
"ECUADOR24",0,0,0,0,0,0,0,0,0,0,0,0,0,0,0,0,0,0,0,0,0,0,0,0
"ECUADOR25",0,0,0,0,0,0,0,0,0,0,0,0,0,0,0,0,0,0,0,0,0,0,0,0
"ECUADOR26",0,0,0,0,0,0,0,0,0,0,0,0,0,0,0,0,0,0,0,0,0,0,0,0
"ECUADOR27",0,0,0,0,0,0,0,0,0,0,0,0,0,0,0,0,0,0,0,0,0,0,0,0
"ECUADOR28",0,0,0,0,0,0,0,0,0,0,0,0,0,0,0,0,0,0,0,0,0,0,0,0
"ECUADOR29",0,0,0,0,0,0,0,0,0,0,0,0,0,0,0,0,0,0,0,0,0,0,0,0
"ELQUIMBO",78,78,78,78,78,78,78,78,78,78,78,78,78,78,78,78,78,78,88,78,78,78,78,78
"ESCUELAMINAS",8,8,8,8,8,8,8,8,8,0,0,0,0,0,0,0,0,0,0,0,0,8,10,10
"ESMERALDA",14,14,14,14,14,14,14,14,14,14,14,14,14,14,14,14,14,14,14,14,14,14,14,14
"FLORES IV",445,445,445,385,435,445,445,445,445,445,445,445,445,445,445,445,445,445,445,445,445,445,445,445
"FLORES1",0,0,0,0,0,0,0,0,0,0,0,0,0,0,0,0,0,0,0,0,0,0,0,0
"FLORIDA2",0,0,0,0,7,7,7,7,7,7,7,7,7,7,7,7,18,18,18,18,18,7,7,7
"GD_COMSALV1",0,0,0,0,0,0,0,0,0,0,0,0,0,0,0,0,0,0,0,0,0,0,0,0
"GD_COMSALV2",0,0,0,0,0,0,0,0,0,0,0,0,0,0,0,0,0,0,0,0,0,0,0,0
"GD_SANPEDRO",0,0,0,0,0,0,0,0,0,0,0,0,0,0,0,0,0,0,0,0,0,0,0,0
"GECELCA3",164,164,164,164,164,164,164,164,164,164,164,164,164,164,164,164,164,164,164,164,164,164,164,164
"GECELCA32",270,270,270,270,270,270,270,270,270,270,270,270,270,270,270,270,270,270,270,270,270,270,270,270
"GUAJIR11",145,145,145,145,145,145,145,145,145,145,145,145,145,145,145,145,145,145,145,145,145,145,145,145
"GUAJIR21",0,0,0,0,0,0,0,0,0,0,0,0,0,0,0,0,0,0,0,0,0,0,0,0
"GUATAPE",560,560,542,560,560,560,560,560,560,560,560,560,560,560,560,560,560,560,560,560,560,560,560,560
"GUATRON",0,0,0,0,0,0,0,0,0,0,0,0,0,0,0,0,0,0,0,0,0,0,0,0
"GUAVIO",0,0,0,0,0,0,0,0,0,0,0,356,361,446,644,765,889,689,960,960,960,475,121,0
"INSULA",7,7,7,7,7,7,7,7,7,7,7,7,7,7,7,7,7,7,7,7,7,7,7,7
"ITUANGO",640,640,640,640,640,640,640,640,640,640,640,640,640,640,640,640,640,640,640,640,640,640,640,640
"JAGUAS",0,0,0,0,0,0,0,0,0,0,0,0,0,0,0,0,0,0,170,170,170,0,0,0
"LAFRISOLERA",0,0,0,0,0,0,0,0,0,0,0,0,0,0,0,0,0,0,0,0,0,0,0,0
"LAHERRADURA",10,10,10,10,10,10,10,10,10,10,10,10,10,10,10,10,10,10,10,10,10,10,10,10
"LATASAJERA",306,306,288,306,306,306,306,306,306,306,306,306,306,306,306,306,306,306,306,306,306,306,306,306
"MABEJORRAL",1,1,1,1,1,1,1,1,1,1,1,1,1,1,1,1,1,1,1,1,1,1,1,1
"MAGUAFRE",4,4,4,4,4,4,4,4,4,4,4,4,4,4,4,4,4,4,4,4,4,4,4,4
"MBARROSO1",8,8,8,8,8,9,9,9,9,9,9,9,8,8,8,8,8,8,8,8,8,8,8,8
"MBAYONA",1,1,1,1,1,1,1,1,1,1,1,1,1,1,1,1,1,1,1,1,1,1,1,1
"MBELLO",0,0,0,0,0,0,0,0,0,0,0,0,0,0,0,0,0,0,0,0,0,0,0,0
"MBELMONTE",3,3,3,3,3,3,3,3,3,3,3,3,3,3,3,3,3,3,3,3,3,3,3,3
"MB_TEQUENDA",0,0,0,0,0,0,0,0,0,0,0,0,0,0,0,0,0,0,0,0,0,0,0,0
"MCALDERAS",4,4,4,4,4,4,4,4,4,4,4,8,8,4,4,4,4,4,12,12,12,4,4,4
"MCAMPEST_EPM",0,0,0,0,0,0,0,0,0,0,0,0,0,0,0,0,0,0,0,0,0,0,0,0
"MCAMP_CALARC",1,1,1,1,1,1,1,1,1,1,1,1,1,1,1,1,1,1,1,1,1,1,1,1
"MCANTAYUS",1,1,1,1,1,1,1,1,1,1,1,1,1,1,1,1,1,1,1,1,1,1,1,1
"MCARACOLI",4,4,4,4,4,4,4,4,4,4,4,4,4,4,4,4,4,4,4,4,4,4,4,4
"MCARUQUIA",4,4,4,4,4,4,4,4,4,4,4,4,4,4,4,4,4,4,4,4,4,4,4,4
"MCASCADA1",2,2,2,2,2,2,2,2,2,2,2,2,2,2,2,2,2,2,2,2,2,2,2,2
"MCASCADA_EPM",2,2,2,2,2,2,2,2,2,2,2,2,2,2,2,2,2,2,2,2,2,2,2,2
"MCASCADGRD",1,1,1,1,1,1,1,1,1,1,1,1,1,1,1,1,1,1,1,1,1,1,1,1
"MCAUYA",0,0,0,0,0,0,0,0,0,0,0,0,0,0,0,0,0,0,0,0,0,0,0,0
"MCEMENTNARE",8,8,8,8,8,8,6,6,6,6,6,6,6,6,7,7,7,7,7,7,7,7,8,8
"MCHARQUITO",0,0,0,0,0,0,0,0,0,0,0,0,0,0,0,0,0,0,0,0,0,0,0,0
"MCOCONUCO",3,3,3,3,3,3,3,3,3,3,3,3,3,3,2,2,2,2,3,3,3,3,3,3
"MCOCUYO",0,0,0,0,0,0,0,0,0,0,0,0,0,0,0,0,0,0,0,0,0,0,0,0
"MCOELLO",1,1,1,1,1,1,1,1,1,1,1,1,1,1,1,1,1,1,1,1,1,1,1,1
"MCURRUCU",0,0,0,0,0,0,0,0,0,0,0,0,0,0,0,0,0,0,0,0,0,0,0,0
"MDONAJUANA",0,0,0,0,0,0,0,0,0,0,0,0,0,0,0,0,0,0,0,0,0,0,0,0
"MELBOSQUE",2,2,2,2,2,2,2,2,2,2,2,2,2,2,2,2,2,2,2,2,2,2,2,2
"MELPOPAL",5,5,5,5,5,5,5,5,5,5,5,5,5,5,5,5,5,5,5,5,5,5,5,5
"MERILEC1",0,0,0,0,0,0,0,0,0,0,0,0,0,0,0,0,0,0,0,0,0,0,0,0
"MGUACAICA",0,0,0,0,0,0,0,0,0,0,0,0,0,0,0,0,0,0,0,0,0,0,0,0
"MGUANAQUITA",4,4,4,4,4,4,4,4,4,4,4,4,4,4,4,4,4,4,4,4,4,4,4,4
"MGUAVIO",5,5,5,5,5,5,5,5,5,5,5,5,5,5,5,5,5,5,5,5,5,5,5,5
"MHBARRANCAS",3,3,3,3,3,3,3,3,3,3,3,3,3,3,3,3,3,3,3,3,3,3,3,3
"MIEL1",275,275,275,275,275,275,275,275,275,275,275,275,275,275,275,275,275,275,387,387,341,275,275,275
"MJEPIRAC",0,0,0,0,0,0,0,0,0,0,0,0,0,0,0,0,0,0,0,0,0,0,0,0
"MJUANGAR",1,1,1,1,1,1,1,1,1,1,1,1,1,1,1,1,1,1,1,1,1,1,1,1
"MJULIOBRAVO",0,0,0,0,0,0,0,0,0,0,0,0,0,0,0,0,0,0,0,0,0,0,0,0
"MLACHORRERA",10,10,10,10,10,10,10,10,10,10,10,10,10,10,10,10,10,10,10,10,10,10,10,10
"MLAGUNETA",0,0,0,0,0,0,0,0,0,0,0,0,0,0,0,0,0,0,0,0,0,0,0,0
"MLANAVETA",3,3,3,3,3,3,3,3,3,3,3,3,3,3,3,3,3,3,3,3,3,3,3,3
"MLAPITA",1,1,1,1,1,1,1,1,1,1,1,1,1,1,1,1,1,1,1,1,1,1,1,1
"MLAREBUSCA",1,1,1,1,1,1,1,1,1,1,1,1,1,1,1,1,1,1,1,1,1,1,1,1
"MLASPALMAS",1,1,1,1,1,1,1,1,1,1,1,1,1,1,1,1,1,1,1,1,1,1,1,1
"MLAVUELTA",4,4,4,4,4,4,4,4,4,4,4,4,4,4,4,4,4,4,4,4,4,4,4,4
"MLIBERTAD",0,0,0,0,0,0,0,0,0,0,0,0,0,0,0,0,0,0,0,0,0,0,0,0
"MLIMONAR",0,0,0,0,0,0,0,0,0,0,0,0,0,0,0,0,0,0,0,0,0,0,0,0
"MLUZMA1",8,8,8,8,8,8,8,8,8,8,10,10,10,10,10,10,8,8,8,8,8,8,8,8
"MLUZMA2",8,8,8,8,8,8,8,8,8,8,8,8,8,8,8,8,8,8,8,8,8,8,8,8
"MMAGALLO",1,1,1,1,1,1,1,1,1,1,1,1,1,1,1,1,1,1,1,1,1,1,1,1
"MMONTAÑITAS",10,10,10,10,10,10,10,10,10,10,10,10,10,10,10,8,8,8,8,8,8,8,8,8
"MMULATOSII",1,1,1,1,1,1,1,1,1,1,1,1,1,1,1,1,1,1,1,1,1,1,1,1
"MNIMA",1,1,1,1,1,1,1,1,1,1,1,1,1,1,1,1,1,1,1,1,1,1,1,1
"MNIQUIA",16,16,16,16,16,16,16,16,16,16,16,16,16,16,16,16,16,16,16,16,16,16,16,16
"MNLIBARE",1,1,1,1,1,1,1,1,1,1,1,1,1,1,1,1,1,1,1,1,1,1,1,1
"MNUTIBARA",0,0,0,0,0,0,0,0,0,0,0,0,0,0,0,0,0,0,0,0,0,0,0,0
"MPAJARITO",2,2,2,2,2,2,2,1,1,1,1,1,1,1,1,2,2,2,2,2,2,2,2,2
"MPALMAS_SGIL",5,5,5,5,5,5,5,5,5,5,5,5,5,5,5,5,5,5,5,5,5,5,5,5
"MPASTALES",1,1,1,1,1,1,1,1,1,1,1,1,1,1,1,1,1,1,1,1,1,1,1,1
"MPATICOLACAB",0,0,0,0,0,0,0,0,0,0,0,0,0,0,0,0,0,0,0,0,0,0,0,0
"MPOCUNE",1,1,1,1,1,1,1,1,1,1,1,1,1,1,1,1,1,1,1,1,1,1,1,1
"MPORCEIII",2,2,2,2,2,2,2,2,2,2,2,2,2,2,2,2,2,2,2,2,2,2,2,2
"MPRADO4",5,5,5,5,5,5,5,5,5,5,5,5,5,5,5,5,5,5,5,5,5,5,5,5
"MPROENCA2",7,7,7,7,7,7,7,7,7,7,7,7,7,7,7,7,7,7,7,7,7,7,7,7
"MPROVIDEN",0,0,0,0,0,0,0,0,0,0,0,0,0,0,0,0,0,0,0,0,0,0,0,0
"MPTE_GUILL",1,1,1,1,1,1,1,1,1,1,1,1,1,1,1,1,1,1,1,1,1,1,1,1
"MREMEDIOS",1,1,1,1,1,1,1,1,1,1,1,1,1,1,1,1,1,1,1,1,1,1,1,1
"MRFRIOTAMES",0,0,0,0,0,0,0,0,0,0,0,0,0,0,0,0,0,0,0,0,0,0,0,0
"MRIOBOBO",3,3,3,3,3,3,3,3,3,3,3,3,3,3,3,3,3,3,3,3,3,3,3,3
"MRIOFRIO1",1,1,1,1,1,1,1,1,1,1,1,1,1,1,1,1,1,1,1,1,1,1,1,1
"MRIOGRANDE",0,0,0,0,0,0,0,0,0,0,0,0,0,0,0,0,0,0,0,0,0,0,0,0
"MRIOGRANDE1",0,0,0,0,0,0,0,0,0,0,0,0,0,0,0,0,0,0,0,0,0,0,0,0
"MRIOMAYO",13,13,13,13,13,19,20,20,20,20,20,19,7,7,7,13,13,19,20,20,20,20,20,20
"MRIONEGRO",7,7,7,7,7,7,7,7,7,7,7,7,7,7,7,7,7,7,7,7,7,7,7,7
"MRIOPALO",1,1,1,1,1,1,1,1,1,1,1,1,1,1,1,1,1,1,1,1,1,1,1,1
"MRIORECIO",1,1,1,1,1,1,1,1,1,1,1,1,1,1,1,1,1,1,1,1,1,1,1,1
"MRIOSAPUYES",1,1,1,1,1,1,1,1,1,1,1,1,1,1,1,1,1,1,1,1,1,1,1,1
"MRIO_CALI",0,0,0,0,0,0,0,0,0,0,0,0,0,0,0,0,0,0,0,0,0,0,0,0
"MRUMOR",1,1,1,1,1,1,1,1,1,1,1,1,1,1,1,1,1,1,1,1,1,1,1,1
"MSAJANDI",3,3,3,3,3,3,3,3,3,3,3,3,3,3,3,3,3,3,3,3,3,3,3,3
"MSANCANCIO",1,1,1,1,1,1,1,1,1,1,1,1,1,1,1,1,1,1,1,1,1,1,1,1
"MSANFRANCISC",0,0,0,0,0,0,0,0,0,0,0,0,0,0,0,0,0,0,0,0,0,0,0,0
"MSANJOSE",0,0,0,0,0,0,0,0,0,0,0,0,0,0,0,0,0,0,0,0,0,0,0,0
"MSANTANA",4,4,4,4,4,4,4,4,4,4,4,4,4,4,4,4,4,4,4,4,4,4,4,4
"MSANTARITA",0,0,0,0,0,0,0,0,0,0,0,0,0,0,0,0,0,0,0,0,0,0,0,0
"MSANTIAGO",1,1,1,1,1,1,1,1,1,1,1,1,1,1,1,1,1,1,1,1,1,1,1,1
"MSBARTOLOME",0,0,0,4,5,5,5,0,0,0,0,0,0,0,5,5,5,5,5,5,0,0,0,0
"MSILVIA",0,0,0,0,0,0,0,0,0,0,0,0,0,0,0,0,0,0,0,0,0,0,0,0
"MSNANDRESC",6,6,8,8,4,6,6,6,6,10,6,4,6,6,6,8,8,4,6,6,6,8,8,4
"MSNJOSE_MN2",0,0,0,0,0,0,0,0,0,0,0,0,0,0,0,0,0,0,0,0,0,0,0,0
"MSNJOSE_MONT",0,0,0,0,0,0,0,0,0,0,0,0,0,0,0,0,0,0,0,0,0,0,0,0
"MSNMATIAS",12,12,12,12,12,12,12,12,12,12,12,12,12,12,12,12,12,12,12,12,12,12,12,12
"MSONSON",0,0,0,0,0,0,0,0,0,0,0,0,0,0,0,0,0,0,0,0,0,0,0,0
"MSUBA1",1,1,1,1,1,1,1,1,1,1,1,1,1,1,1,1,1,1,1,1,1,1,1,1
"MSUEVA",2,2,2,2,2,2,2,2,2,2,2,2,2,2,2,2,2,2,2,2,2,2,2,6
"MTBOLIVAR",2,2,2,2,2,2,2,2,2,2,2,2,2,2,2,2,2,2,2,2,2,2,2,2
"MTCAPACHOS",7,7,7,7,7,7,7,7,7,7,7,7,7,7,7,7,7,7,7,7,7,7,7,7
"MTEQUEND1",0,0,0,0,0,0,0,0,0,0,0,0,0,0,0,0,0,0,0,0,0,0,0,0
"MTEQUEND2",0,0,0,0,0,0,0,0,0,0,0,0,0,0,0,0,0,0,0,0,0,0,0,0
"MTEQUEND3",0,0,0,0,0,0,0,0,0,0,0,0,0,0,0,0,0,0,0,0,0,0,0,0
"MTEQUEND4",0,0,0,0,0,0,0,0,0,0,0,0,0,0,0,0,0,0,0,0,0,0,0,0
"MTMECHERO4",11,11,11,11,11,11,11,11,11,11,11,11,11,11,11,11,11,11,11,11,11,11,11,11
"MTMECHERO5",19,19,19,19,19,19,19,19,19,19,19,19,19,19,19,19,19,19,19,19,19,19,19,19
"MTMECHERO6",19,19,19,19,19,19,19,19,19,19,19,19,19,19,19,19,19,19,19,19,19,19,19,19
"MTUNJITA",0,0,0,0,0,0,0,0,0,0,0,0,0,0,0,0,0,0,0,0,0,0,0,0
"MUSAQUEN1",1,1,1,1,1,1,1,1,1,1,1,1,1,1,1,1,1,1,1,1,1,1,1,1
"MVENTANA_A",2,2,2,2,2,2,2,2,2,2,2,2,2,2,2,2,2,2,2,2,2,2,2,2
"MVENTANA_B",2,2,2,2,2,2,2,2,2,2,2,2,2,2,2,2,2,2,2,2,2,2,2,2
"MVIOLETAS",0,0,0,0,0,0,0,0,0,0,0,0,0,0,0,0,0,0,0,0,0,0,0,0
"MZEUS",3,3,3,3,3,3,3,3,3,3,3,3,3,3,3,3,3,3,3,3,3,3,3,3
"M_ALEJANDRIA",5,5,5,5,5,5,5,5,5,5,5,5,5,5,5,5,5,5,5,5,5,5,5,5
"M_AMAIME",2,2,2,2,2,2,2,2,2,2,2,2,2,2,2,2,2,1,1,1,1,1,1,1
"M_AMALFI",1,1,1,1,1,1,1,1,1,1,1,1,1,1,1,1,1,1,1,1,1,1,1,1
"M_AMERICA",0,0,0,0,0,0,0,0,0,0,0,0,0,0,0,0,0,0,0,0,0,0,0,0
"M_ASNAZU",0,0,0,0,0,0,0,0,0,0,0,0,0,0,0,0,0,0,0,0,0,0,0,0
"M_AURESBAJO",5,5,5,5,5,5,5,5,5,5,5,5,5,5,5,5,5,5,5,5,5,5,5,5
"M_ELEDEN",2,2,2,2,2,2,2,2,2,2,2,2,2,2,2,2,2,5,5,5,5,2,2,2
"M_ELMOLINO",12,12,12,12,12,12,12,12,12,12,12,12,12,12,12,12,12,12,12,12,12,12,12,12
"M_INTERMEDIA",0,0,0,0,0,0,0,0,0,0,0,0,0,0,0,0,0,0,0,0,0,0,0,0
"M_INZA",0,0,0,0,0,0,0,0,0,0,0,0,0,0,0,0,0,0,0,0,0,0,0,0
"M_IQUIRA1",1,1,1,1,1,1,1,1,1,1,1,1,1,1,1,1,1,1,1,1,1,1,1,1
"M_IQUIRA2",1,1,1,1,1,1,1,1,1,1,1,1,1,1,1,1,1,1,1,1,1,1,1,1
"M_MANANTIAL",0,0,0,0,0,0,0,0,0,0,0,0,0,0,0,0,0,0,0,0,0,0,0,0
"M_MIROLINDO",2,2,2,2,2,2,2,2,2,2,2,2,2,2,2,2,2,2,2,2,2,2,2,2
"M_MONDOMO",0,0,0,0,0,0,0,0,0,0,0,0,0,0,0,0,0,0,0,0,0,0,0,0
"M_MORROAZUL",5,5,5,5,5,5,5,5,5,5,5,5,5,5,5,5,5,5,5,5,5,5,5,5
"M_MUNICIPAL",1,1,1,1,1,1,1,1,1,1,1,1,1,1,1,1,1,1,1,1,1,1,1,1
"M_OIBITA",0,0,0,4,5,5,5,0,0,0,0,0,0,0,4,5,2,0,0,0,0,0,0,0
"M_OVEJAS",1,1,1,1,1,1,1,1,1,1,1,1,1,1,1,1,1,1,1,1,1,1,1,1
"M_UNION",1,1,1,1,1,1,1,1,1,1,1,1,1,1,1,1,1,1,1,1,1,1,1,0
"M_URRAO",1,1,1,1,1,1,1,1,1,1,1,1,1,1,1,1,1,1,1,1,1,1,1,1
"PAGUA",600,600,600,600,600,600,600,600,600,600,600,400,400,400,400,400,400,400,400,600,600,600,600,400
"PAIPA1",0,0,0,0,0,0,0,0,0,0,0,0,0,0,0,0,0,0,0,0,0,0,0,0
"PAIPA2",64,64,64,64,64,64,64,64,64,64,64,64,64,64,64,64,64,64,64,64,64,64,64,64
"PAIPA3",62,62,62,62,62,62,62,62,62,62,62,62,62,62,62,62,62,62,62,62,62,62,62,62
"PAIPA4",165,165,165,165,165,165,165,165,165,165,165,165,165,165,165,165,165,165,165,165,165,165,165,165
"PLAYAS",207,207,207,207,207,207,207,138,138,138,138,138,138,138,138,138,138,207,207,207,207,207,207,207
"PORCE2",405,405,387,405,405,405,405,405,405,405,405,405,405,405,405,405,405,405,405,405,405,405,405,405
"PORCE3",0,0,0,0,0,0,0,0,0,0,0,0,0,0,0,0,0,0,0,0,0,0,0,0
"PRADO",0,0,0,0,0,0,0,0,0,51,51,51,51,51,51,51,51,51,51,51,51,51,51,0
"PROELECT",90,90,90,90,90,90,90,90,90,90,90,90,90,90,90,90,90,90,90,90,90,90,90,90
"RIOFRIO2",3,3,3,3,3,3,3,3,3,3,3,3,3,3,3,3,3,3,3,3,3,3,3,3
"RN_ARENAL",0,0,0,0,0,0,0,1,1,1,1,2,2,2,1,1,1,0,0,0,0,0,0,0
"RN_AURORA",0,0,0,0,0,0,0,2,3,5,6,6,7,6,5,4,2,0,0,0,0,0,0,0
"RN_BOSLLAN4",0,0,0,0,0,0,2,13,19,19,17,17,17,17,16,15,10,0,0,0,0,0,0,0
"RN_BOSLLAN5",0,0,0,0,0,2,6,10,14,18,18,18,18,17,17,15,10,0,0,0,0,0,0,0
"RN_CABALLER",0,0,0,0,0,0,0,1,1,4,7,8,7,8,7,5,2,0,0,0,0,0,0,0
"RN_CAICIENA",0,0,0,0,0,0,1,6,9,9,9,9,9,9,8,7,4,0,0,0,0,0,0,0
"RN_CARACOLI",0,0,0,0,0,1,9,20,24,31,34,35,34,31,24,20,9,1,0,0,0,0,0,0
"RN_CELSOLBOL",0,0,0,0,0,0,0,1,3,5,6,7,7,7,6,4,2,0,0,0,0,0,0,0
"RN_CELSOLPAI",0,0,0,0,0,0,0,0,0,1,2,2,3,3,2,0,0,0,0,0,0,0,0,0
"RN_CERRITOS",0,0,0,0,0,0,0,1,2,4,6,7,7,6,7,8,4,0,0,0,0,0,0,0
"RN_DINAM",0,0,0,0,0,0,1,6,9,9,9,9,9,9,8,6,4,0,0,0,0,0,0,0
"RN_ELSALADO",0,0,0,0,0,0,0,0,0,0,0,0,0,0,0,0,0,0,0,0,0,0,0,0
"RN_EOLGUAJ",17,18,18,18,18,18,18,18,19,17,17,18,18,18,19,18,18,17,17,17,18,19,19,19
"RN_EWEPS01",12,12,12,12,12,12,12,12,12,12,12,12,12,12,12,12,12,12,12,11,11,12,12,12
"RN_FUNDAC",0,0,0,0,0,0,2,23,61,87,90,91,90,89,86,75,29,5,0,0,0,0,0,0
"RN_GIRASOL",0,0,0,0,0,1,3,6,8,9,10,10,9,8,6,3,1,0,0,0,0,0,0,0
"RN_GRBELMON",0,0,0,0,0,0,0,1,2,2,3,3,3,2,2,2,1,0,0,0,0,0,0,0
"RN_GUAYEPO",0,0,0,0,0,0,6,35,73,81,84,85,88,88,83,84,59,11,0,0,0,0,0,0
"RN_HELIOS1",0,0,0,0,0,0,2,6,9,13,14,15,10,8,7,5,2,0,0,0,0,0,0,0
"RN_LAHONDA1",0,0,0,0,0,0,1,2,4,6,8,9,9,9,5,7,8,2,1,0,0,0,0,0
"RN_LALOMA",0,0,0,0,0,0,7,60,79,79,79,79,79,79,79,79,53,9,0,0,0,0,0,0
"RN_LAMATA",0,0,0,0,0,0,2,7,21,28,29,30,30,26,26,19,13,2,0,0,0,0,0,0
"RN_LAMEDINA",0,0,0,0,0,0,0,1,1,4,6,7,7,7,7,5,2,0,0,0,0,0,0,0
"RN_LAMENA",0,0,0,0,0,0,1,5,8,9,9,9,9,9,8,6,4,0,0,0,0,0,0,0
"RN_LANCEROS",0,0,0,0,0,0,0,2,6,8,9,9,9,9,8,7,4,1,0,0,0,0,0,0
"RN_LASIERPE",0,0,0,0,0,0,1,4,6,10,14,17,17,17,14,12,9,6,1,0,0,0,0,0
"RN_LATOLUA",0,0,0,0,0,0,1,4,6,10,14,17,17,17,14,12,9,6,1,0,0,0,0,0
"RN_LAUNION",0,0,0,0,0,0,4,18,46,62,71,68,67,59,50,40,20,6,1,0,0,0,0,0
"RN_MONTELIB",0,0,0,0,0,0,0,1,4,4,4,7,8,6,6,5,3,0,0,0,0,0,0,0
"RN_NENERA",0,0,0,0,0,0,0,0,0,0,0,0,0,0,0,0,0,0,0,0,0,0,0,0
"RN_PALMIRA3",0,0,0,0,0,0,0,0,0,0,1,1,1,1,0,0,0,0,0,0,0,0,0,0
"RN_PETALMGD",0,0,0,0,0,0,0,0,2,8,9,9,9,9,8,8,5,0,0,0,0,0,0,0
"RN_PLANETAR",0,0,0,0,0,0,0,2,6,9,11,10,11,12,7,6,3,0,0,0,0,0,0,0
"RN_PORTONSL",0,0,0,0,0,8,38,64,70,69,70,71,73,72,63,38,10,0,0,0,0,0,0,0
"RN_SBAYUNCA",0,0,0,0,0,0,1,2,2,2,2,2,2,2,1,1,0,0,0,0,0,0,0,0
"RN_SCARMELO",0,0,0,0,0,0,0,0,0,1,2,3,2,2,1,0,0,0,0,0,0,0,0,0
"RN_SDULIMA",0,0,0,0,0,0,1,10,12,17,19,19,19,19,18,16,12,3,0,0,0,0,0,0
"RN_SELPASO",0,0,0,0,0,0,3,28,55,65,62,62,62,61,58,54,35,5,0,0,0,0,0,0
"RN_SESPINAL",0,0,0,0,0,0,0,0,1,4,5,6,6,6,4,3,0,0,0,0,0,0,0,0
"RN_SFELIPE",0,0,0,0,0,0,0,2,5,8,9,9,9,9,8,6,3,0,0,0,0,0,0,0
"RN_SFLANDES",0,0,0,0,0,0,1,8,10,17,18,19,19,18,17,16,12,3,0,0,0,0,0,0
"RN_SINCE",0,0,0,0,0,0,0,7,16,17,18,18,18,18,17,16,11,2,0,0,0,0,0,0
"RN_STUCANES",0,0,0,0,0,0,0,3,7,8,9,9,9,9,9,8,6,1,0,0,0,0,0,0
"RN_SUNNORTE",0,0,0,0,0,0,0,35,35,35,35,35,35,35,35,35,35,0,0,0,0,0,0,0
"RN_SYUMA",0,0,0,0,0,0,0,5,5,8,9,9,9,9,8,8,6,1,0,0,0,0,0,0
"RN_SYUMBO",0,0,0,0,0,0,0,0,0,1,2,3,4,2,1,1,0,0,0,0,0,0,0,0
"RN_TASAJER2",0,0,0,0,0,0,0,1,2,3,3,3,3,3,3,2,0,0,0,0,0,0,0,0
"RN_TIERRALI",0,0,0,0,0,0,1,2,4,6,8,9,9,9,5,7,8,2,1,0,0,0,0,0
"RN_TRINAVA2",0,0,0,0,0,10,10,10,14,18,18,18,18,17,17,15,10,0,0,0,0,0,0,0
"RN_TRINAVA3",0,0,0,0,0,10,10,10,14,18,18,18,18,17,17,15,10,0,0,0,0,0,0,0
"RN_TRINAVAT",0,0,0,0,0,10,10,10,14,18,18,18,18,17,17,15,10,0,0,0,0,0,0,0
"RN_URUACO",0,0,0,0,0,0,0,1,1,1,1,1,1,1,1,1,1,0,0,0,0,0,0,0
"RN_VERSAL",0,0,0,0,0,0,1,6,9,9,9,9,9,9,8,6,4,0,0,0,0,0,0,0
"RN_VICTORY1",0,0,0,0,0,0,0,6,13,18,19,17,19,19,17,13,12,3,0,0,0,0,0,0
"RN_VICTORY2",0,0,0,0,0,0,0,6,14,18,18,18,19,19,18,13,12,3,0,0,0,0,0,0
"RPIEDRAS",4,4,4,4,4,4,4,4,4,2,4,4,4,4,4,4,4,4,4,4,4,4,4,4
"SALTO II",0,0,0,0,0,0,0,0,0,0,0,0,0,0,0,0,0,0,0,0,0,0,0,0
"SALVAJINA",70,70,70,70,70,70,124,124,124,124,124,124,124,124,124,124,124,124,124,124,124,124,124,70
"SANCARLOS",356,0,0,0,0,262,396,618,619,616,899,930,930,930,930,930,930,930,900,930,930,1085,1085,1064
"SANFRANCISCO",0,0,0,0,0,0,0,0,90,90,0,0,0,0,0,0,0,0,0,90,90,0,0,0
"SANMIGUEL",23,23,23,23,23,23,23,23,23,23,23,23,23,23,23,23,23,23,23,23,23,23,23,23
"SOGAMOSO",120,120,120,120,120,120,120,120,120,120,120,120,120,120,120,120,203,348,493,597,534,359,184,120
"TASAJER1",165,165,165,165,165,165,165,165,165,165,165,165,165,165,165,165,165,165,165,165,165,165,165,165
"TASAJERO2",170,170,170,170,170,170,170,170,170,170,170,170,170,170,170,170,170,170,170,170,170,170,170,170
"TCANDELCC",555,549,332,330,370,340,340,340,340,340,340,340,340,340,340,340,340,555,555,555,555,555,555,555
"TCENTRO1",0,0,0,0,0,0,0,0,0,0,0,0,0,0,0,0,0,0,0,0,0,0,0,0
"TEBSA",791,791,791,750,791,791,791,791,791,791,791,791,791,791,791,791,791,791,791,791,791,791,791,791
"TEMCALI",0,0,0,0,0,0,0,0,0,0,0,0,0,0,0,0,0,0,0,0,0,0,0,0
"TERMONORTE",62,62,62,62,62,62,62,62,62,62,62,62,62,62,62,62,62,62,62,62,62,62,62,62
"TESORITO",0,0,0,0,0,0,0,0,53,144,144,144,144,144,144,144,144,144,200,200,200,100,100,0
"TPIEDRAS",4,4,4,4,4,4,4,4,4,4,4,4,4,4,4,4,4,4,4,4,4,4,4,4
"TSIERRA",0,0,0,0,0,0,0,0,0,0,0,0,0,0,0,0,0,0,0,0,0,0,0,0
"TVALLE",0,0,0,0,0,0,0,0,0,0,0,0,0,0,0,0,0,0,0,0,0,0,0,0
"TYOPAL1",8,8,8,8,8,8,8,8,8,8,8,8,8,8,8,8,8,8,8,8,8,8,8,8
"TYOPAL2",28,28,28,28,28,28,28,28,28,28,28,28,28,28,28,28,28,28,28,28,28,28,28,28
"TYOPAL3",48,48,48,48,48,48,48,48,48,47,47,47,46,46,47,47,47,47,47,48,48,48,48,48
"TYOPAL4",47,47,47,47,47,47,47,47,46,46,46,46,46,46,46,46,46,46,46,47,47,47,47,47
"TYOPAL5",0,0,0,0,0,0,0,0,0,0,0,0,0,0,0,0,0,0,0,0,0,0,0,0
"URRA",73,73,73,73,73,73,73,73,73,73,73,73,73,73,73,73,73,144,144,144,73,73,73,73
"ZIPAEMG2",27,27,27,27,27,27,27,27,27,27,27,27,27,27,27,27,27,27,27,27,27,27,27,27
"ZIPAEMG3",31,31,31,31,31,31,31,31,31,31,31,31,31,31,31,31,31,31,31,31,31,31,31,31
"ZIPAEMG4",31,31,31,31,31,31,31,31,31,31,31,31,31,31,31,31,31,31,31,31,31,31,31,31
"ZIPAEMG5",49,49,49,49,49,49,49,49,49,49,49,49,49,49,49,49,49,49,49,49,49,49,49,49
"Total",8468,8173,7960,7865,7999,8291,8563,9066,9488,9793,10135,10401,10402,10450,10611,10629,10527,10233,11134,11249,11065,10192,9609,9029
